        127 
        762 
       2667 
       7112 
      21203 
      63210 
     167895 
     391840 
     796600 
    1431856 
    2318568 
    3432128 
    4697956 
    5987096 
    7111812 
    7821184 
    7866806 
    7068484 
    5379934 
    2954480 
      78708 
   -2893880 
   -5609212 
   -7778992 
   -9194063 
   -9737770 
   -9399323 
   -8287160 
   -6592650 
   -4553796 
   -2418938 
    -410456 
    1291108 
    2562928 
    3355772 
    3709880 
    3726461 
    3539190 
    3285705 
    3079104 
    2997710 
    3074836 
    3288550 
    3551440 
    3737039 
    3706250 
    3333771 
    2534520 
    1275087 
    -414814 
   -2430893 
   -4582832 
   -6629692 
   -8315320 
   -9403756 
   -9714640 
   -9138318 
   -7650948 
   -5329606 
   -2367392 
     960793 
    4332470 
    7411805 
    9883832 
   11484869 
   12032934 
   11458161 
    9833216 
    7342598 
    4251940 
     877310 
   -2445488 
   -5394940 
   -7697848 
   -9163356 
   -9716976 
   -9385142 
   -8279764 
   -6582782 
   -4530720 
   -2379460 
    -369016 
    1311692 
    2560064 
    3348140 
    3710920 
    3734684 
    3545312 
    3281901 
    3070382 
    2997137 
    3082616 
    3291910 
    3545324 
    3728950 
    3705240 
    3341314 
    2537268 
    1254482 
    -456072 
   -2469920 
   -4605176 
   -6638632 
   -8321848 
   -9415431 
   -9723314 
   -9127035 
   -7620016 
   -5296005 
   -2337518 
     995719 
    4378328 
    7462387 
    9920538 
   11489095 
   12011152 
   11436304 
    9820368 
    7325104 
    4217936 
     828545 
   -2494538 
   -5427339 
   -7713848 
   -9176671 
   -9727682 
   -9378675 
   -8252016 
   -6546333 
   -4502206 
   -2367857 
    -364840 
    1327635 
    2588378 
    3369895 
    3714064 
    3723426 
    3532476 
    3278954 
    3075136 
    2997947 
    3079074 
    3295079 
    3557512 
    3739374 
    3701580 
    3319422 
    2509032 
    1238603 
    -460390 
   -2481969 
   -4634432 
   -6675936 
   -8350080 
   -9421488 
   -9711392 
   -9112399 
   -7603258 
   -5263627 
   -2288840 
    1044514 
    4413012 
    7480818 
    9934104 
   11511172 
   12032576 
   11431244 
    9782600 
    7273601 
    4171774 
     794253 
   -2523184 
   -5459960 
   -7744544 
   -9188296 
   -9719312 
   -9366627 
   -8244418 
   -6536207 
   -4479064 
   -2328572 
    -323792 
    1347772 
    2585208 
    3362294 
    3715596 
    3732566 
    3539640 
    3275896 
    3066712 
    2997424 
    3086984 
    3298877 
    3552038 
    3731769 
    3700656 
    3326667 
    2511250 
    1217431 
    -502088 
   -2521217 
   -4656766 
   -6684733 
   -8356592 
   -9433558 
   -9720852 
   -9101966 
   -7572928 
   -5230292 
   -2259128 
    1078988 
    4457984 
    7530253 
    9969614 
   11514273 
   12009784 
   11408482 
    9768916 
    7255282 
    4136856 
     744445 
   -2573162 
   -5492743 
   -7760192 
   -9200713 
   -9729014 
   -9359501 
   -8216472 
   -6499799 
   -4450610 
   -2316971 
    -319568 
    1363757 
    2613470 
    3383809 
    3718248 
    3720601 
    3526126 
    3272629 
    3071568 
    2998498 
    3083516 
    3301706 
    3563584 
    3741611 
    3696706 
    3304759 
    2483144 
    1201693 
    -506330 
   -2533255 
   -4686032 
   -6721971 
   -8384482 
   -9438815 
   -9707800 
   -9086287 
   -7555586 
   -5197907 
   -2210800 
    1127469 
    4492542 
    7548593 
    9982952 
   11535928 
   12030632 
   11402800 
    9730616 
    7203486 
    4090812 
     710766 
   -2600936 
   -5524692 
   -7790672 
   -9212476 
   -9720792 
   -9347252 
   -8208288 
   -6488988 
   -4426952 
   -2277448 
    -278568 
    1383616 
    2609896 
    3375803 
    3719482 
    3729567 
    3533056 
    3269008 
    3062240 
    2997024 
    3090784 
    3305367 
    3558314 
    3734131 
    3695560 
    3311454 
    2484652 
    1179854 
    -548504 
   -2572728 
   -4708344 
   -6730576 
   -8390824 
   -9450922 
   -9717396 
   -9075722 
   -7524584 
   -5163391 
   -2179794 
    1162797 
    4537696 
    7597721 
   10017974 
   11538621 
   12007672 
   11380151 
    9717266 
    7185579 
    4056176 
     660969 
   -2651002 
   -5557267 
   -7805624 
   -9223873 
   -9729550 
   -9339661 
   -8180416 
   -6452909 
   -4398798 
   -2265985 
    -274296 
    1399780 
    2638352 
    3397388 
    3721976 
    3717230 
    3519196 
    3265758 
    3067544 
    2998713 
    3087742 
    3308213 
    3569600 
    3743826 
    3691820 
    3290074 
    2457200 
    1164664 
    -552480 
   -2584856 
   -4738032 
   -6768431 
   -8419242 
   -9456331 
   -9704152 
   -9059845 
   -7507334 
   -5131425 
   -2131904 
    1211286 
    4572868 
    7617054 
   10032368 
   11561162 
   12029132 
   11374834 
    9679200 
    7134059 
    4010658 
     628183 
   -2677720 
   -5588423 
   -7835794 
   -9235675 
   -9721360 
   -9327094 
   -8171572 
   -6441438 
   -4374784 
   -2226512 
    -233696 
    1419056 
    2634240 
    3389117 
    3723374 
    3726785 
    3526872 
    3262645 
    3058342 
    2997169 
    3095040 
    3312193 
    3564806 
    3736613 
    3690520 
    3296263 
    2458066 
    1142299 
    -594864 
   -2624120 
   -4759712 
   -6776104 
   -8424656 
   -9467859 
   -9713570 
   -9049247 
   -7476184 
   -5096581 
   -2100614 
    1246495 
    4617408 
    7665301 
   10066494 
   11563081 
   12005560 
   11351709 
    9665462 
    7115785 
    3975552 
     577725 
   -2728466 
   -5621343 
   -7850600 
   -9246599 
   -9729666 
   -9319387 
   -8143904 
   -6405571 
   -4346610 
   -2214767 
    -228968 
    1435713 
    2663086 
    3410877 
    3725760 
    3714090 
    3512636 
    3259314 
    3063920 
    2999242 
    3092172 
    3314818 
    3575616 
    3745944 
    3686736 
    3275096 
    2430912 
    1127330 
    -598772 
   -2636310 
   -4789520 
   -6814016 
   -8452848 
   -9472560 
   -9699248 
   -9032328 
   -7458304 
   -5064536 
   -2053008 
    1294694 
    4652404 
    7684398 
   10080416 
   11584869 
   12026046 
   11345321 
    9626360 
    7063393 
    3929486 
     544813 
   -2755072 
   -5652533 
   -7881150 
   -9259017 
   -9722040 
   -9307077 
   -8135078 
   -6394225 
   -4323072 
   -2176122 
    -189404 
    1453950 
    2658128 
    3402095 
    3727050 
    3723883 
    3520632 
    3256260 
    3054432 
    2997292 
    3099240 
    3318899 
    3571082 
    3738759 
    3685024 
    3280527 
    2430906 
    1104219 
    -641624 
   -2675727 
   -4811074 
   -6821395 
   -8458032 
   -9484152 
   -9708960 
   -9021912 
   -7426928 
   -5029010 
   -2020860 
    1330502 
    4697120 
    7732572 
   10114440 
   11586780 
   12002592 
   11322407 
    9612874 
    7045347 
    3894472 
     494243 
   -2805942 
   -5685225 
   -7895232 
   -9268921 
   -9729430 
   -9298925 
   -8107448 
   -6358563 
   -4295002 
   -2164311 
    -184496 
    1470785 
    2687030 
    3423701 
    3729032 
    3710592 
    3505848 
    3252728 
    3060184 
    2999629 
    3096374 
    3321065 
    3581120 
    3747397 
    3680862 
    3259257 
    2403768 
    1089234 
    -645644 
   -2688094 
   -4841064 
   -6859412 
   -8486096 
   -9488364 
   -9693944 
   -9004497 
   -7409070 
   -4997549 
   -1974112 
    1378003 
    4731730 
    7751407 
   10128008 
   11608031 
   12022386 
   11315283 
    9573120 
    6992512 
    3848320 
     461680 
   -2831968 
   -5715998 
   -7925716 
   -9281478 
   -9721808 
   -9286178 
   -8097788 
   -6346346 
   -4270848 
   -2125375 
    -144890 
    1488965 
    2682072 
    3415095 
    3730738 
    3721003 
    3514448 
    3249995 
    3050738 
    2997751 
    3103896 
    3326151 
    3577938 
    3741451 
    3679984 
    3265127 
    2403962 
    1066259 
    -688328 
   -2727313 
   -4862430 
   -6866685 
   -8491408 
   -9500446 
   -9704356 
   -8994598 
   -7377728 
   -4961559 
   -1941322 
    1414173 
    4776376 
    7799297 
   10161806 
   11609933 
   11999168 
   11292769 
    9560070 
    6974789 
    3813336 
     410741 
   -2883418 
   -5749087 
   -7939808 
   -9291123 
   -9728978 
   -9278127 
   -8070536 
   -6311009 
   -4242814 
   -2113309 
    -139568 
    1506194 
    2711196 
    3436666 
    3732416 
    3707236 
    3499288 
    3246500 
    3056960 
    3000682 
    3101372 
    3328194 
    3587536 
    3749732 
    3675784 
    3244084 
    2377136 
    1051496 
    -692288 
   -2739736 
   -4892496 
   -6904666 
   -8519116 
   -9503810 
   -9688128 
   -8976001 
   -7359046 
   -4929701 
   -1894360 
    1462074 
    4811636 
    7818746 
   10175656 
   11631004 
   12018368 
   11284820 
    9519480 
    6921317 
    3766950 
     378449 
   -2908864 
   -5779364 
   -7970072 
   -9303604 
   -9721120 
   -9264733 
   -8059918 
   -6297921 
   -4218168 
   -2074292 
    -100160 
    1524100 
    2706072 
    3428115 
    3734426 
    3718103 
    3508208 
    3243609 
    3046822 
    2997853 
    3108040 
    3332738 
    3584004 
    3743282 
    3674088 
    3248967 
    2376450 
    1028011 
    -734976 
   -2778469 
   -4912990 
   -6910857 
   -8523416 
   -9515214 
   -9698172 
   -8965758 
   -7327160 
   -4892990 
   -1860988 
    1498274 
    4855688 
    7865735 
   10208610 
   11632347 
   11994944 
   11262392 
    9506704 
    6903944 
    3732256 
     327667 
   -2960110 
   -5811873 
   -7983128 
   -9312039 
   -9727378 
   -9256475 
   -8033168 
   -6263427 
   -4190978 
   -2062927 
     -95384 
    1540882 
    2734788 
    3449282 
    3735688 
    3703948 
    3492864 
    3240340 
    3053624 
    3001383 
    3105778 
    3334539 
    3593040 
    3751087 
    3669706 
    3227931 
    2349592 
    1012975 
    -739518 
   -2791709 
   -4943984 
   -6949732 
   -8551784 
   -9518852 
   -9681968 
   -8947311 
   -7309034 
   -4862091 
   -1815064 
    1545500 
    4890752 
    7885204 
   10222392 
   11653096 
   12013560 
   11253712 
    9465384 
    6849885 
    3685574 
     295433 
   -2985360 
   -5842207 
   -8013866 
   -9325227 
   -9720088 
   -9243192 
   -8022264 
   -6250048 
   -4166344 
   -2024280 
     -56584 
    1558144 
    2729160 
    3440463 
    3737682 
    3714963 
    3501856 
    3237181 
    3042894 
    2997953 
    3112184 
    3339324 
    3590064 
    3745092 
    3668136 
    3232687 
    2348722 
     989427 
    -782080 
   -2830172 
   -4964136 
   -6955596 
   -8555936 
   -9530439 
   -9692426 
   -8937395 
   -7277160 
   -4825110 
   -1781468 
    1581450 
    4933976 
    7931052 
   10254192 
   11653444 
   11989352 
   11230686 
    9452172 
    6832222 
    3650664 
     244447 
   -3036654 
   -5874333 
   -8026048 
   -9332542 
   -9725364 
   -9234390 
   -7995344 
   -6215398 
   -4138772 
   -2012334 
     -51200 
    1575360 
    2758016 
    3461472 
    3738560 
    3700345 
    3486230 
    3234061 
    3050232 
    3002063 
    3110178 
    3340883 
    3598544 
    3752443 
    3663634 
    3211799 
    2322104 
     974575 
    -786526 
   -2843325 
   -4994960 
   -6994132 
   -8583656 
   -9533012 
   -9674896 
   -8917740 
   -7258232 
   -4793836 
   -1735312 
    1629164 
    4969880 
    7951468 
   10268784 
   11674784 
   12008400 
   11222416 
    9411344 
    6778783 
    3604778 
     213179 
   -3061000 
   -5904188 
   -8056864 
   -9346164 
   -9718488 
   -9221175 
   -7984178 
   -6201739 
   -4114064 
   -1973820 
     -12632 
    1592420 
    2752304 
    3452722 
    3740796 
    3711754 
    3495616 
    3231103 
    3039546 
    2998795 
    3117128 
    3346651 
    3596698 
    3747231 
    3662240 
    3216219 
    2320642 
     950439 
    -829528 
   -2882069 
   -5015270 
   -7000097 
   -8588000 
   -9545019 
   -9685890 
   -8908151 
   -7226248 
   -4756348 
   -1701152 
    1665292 
    5012776 
    7996726 
   10299996 
   11674662 
   11983816 
   11199001 
    9397646 
    6760501 
    3569072 
     161227 
   -3113198 
   -5936793 
   -8068968 
   -9353045 
   -9723350 
   -9212305 
   -7957520 
   -6167369 
   -4086566 
   -1961741 
      -7016 
    1609839 
    2781250 
    3473683 
    3741488 
    3696862 
    3479812 
    3228118 
    3047296 
    3003288 
    3115152 
    3347752 
    3604448 
    3754015 
    3657562 
    3195451 
    2294216 
     935651 
    -834102 
   -2895465 
   -5046336 
   -7038748 
   -8615528 
   -9546956 
   -9667424 
   -8887646 
   -7206868 
   -4725078 
   -1655216 
    1712923 
    5048786 
    8017159 
   10314264 
   11695282 
   12001876 
   11189714 
    9355992 
    6706585 
    3523198 
     130517 
   -3136640 
   -5965762 
   -8099084 
   -9366026 
   -9715632 
   -9197871 
   -7944938 
   -6152555 
   -4061272 
   -1923214 
      31172 
    1626370 
    2775048 
    3464566 
    3743484 
    3708070 
    3488808 
    3224338 
    3035396 
    2998754 
    3121160 
    3353096 
    3602536 
    3748704 
    3655832 
    3199395 
    2292346 
     911351 
    -876976 
   -2933866 
   -5066188 
   -7044242 
   -8619552 
   -9558934 
   -9678564 
   -8878046 
   -7174480 
   -4686825 
   -1620262 
    1749443 
    5091576 
    8062091 
   10345226 
   11695119 
   11977424 
   11166456 
    9342336 
    6688136 
    3487024 
      77769 
   -3189754 
   -5999059 
   -8111544 
   -9373144 
   -9720984 
   -9190032 
   -7919752 
   -6119670 
   -4034940 
   -1911910 
      36312 
    1643457 
    2803694 
    3485229 
    3743904 
    3693022 
    3473172 
    3222054 
    3044304 
    3004492 
    3120120 
    3354620 
    3610352 
    3755588 
    3651496 
    3179124 
    2266384 
     896847 
    -881462 
   -2947269 
   -5097256 
   -7082818 
   -8646820 
   -9560354 
   -9659496 
   -8857217 
   -7155294 
   -4656221 
   -1575120 
    1796583 
    5127482 
    8082515 
   10359288 
   11715234 
   11994772 
   11156466 
    9300184 
    6634050 
    3441396 
      47714 
   -3212392 
   -6027478 
   -8141532 
   -9386246 
   -9713288 
   -9175233 
   -7906494 
   -6104253 
   -4009392 
   -1873488 
      74192 
    1659696 
    2797392 
    3476294 
    3746388 
    3704958 
    3482912 
    3218763 
    3032610 
    3000119 
    3126504 
    3360640 
    3609176 
    3750648 
    3649592 
    3182524 
    2263920 
     872196 
    -924312 
   -2985312 
   -5116520 
   -7087624 
   -8650248 
   -9571989 
   -9670454 
   -8847297 
   -7122256 
   -4617065 
   -1539366 
    1833379 
    5169976 
    8126933 
   10389894 
   11715073 
   11970688 
   11133817 
    9287254 
    6616365 
    3405944 
      -4377 
   -3264718 
   -6059541 
   -8152240 
   -9391360 
   -9716816 
   -9166112 
   -7880560 
   -6070831 
   -3982506 
   -1861627 
      79752 
    1676906 
    2825780 
    3496330 
    3745864 
    3688746 
    3466100 
    3215514 
    3040744 
    3005008 
    3124280 
    3360584 
    3615288 
    3756160 
    3644424 
    3161816 
    2237640 
     857260 
    -929408 
   -2999404 
   -5148232 
   -7126700 
   -8677760 
   -9573348 
   -9651224 
   -8826594 
   -7103732 
   -4587602 
   -1495480 
    1879598 
    5205388 
    8146990 
   10403400 
   11734305 
   11986878 
   11122573 
    9243920 
    6561280 
    3359600 
     -34832 
   -3287632 
   -6088429 
   -8182974 
   -9405249 
   -9709576 
   -9151167 
   -7866674 
   -6054739 
   -3956544 
   -1823071 
     117638 
    1693221 
    2819736 
    3487823 
    3748866 
    3701155 
    3476048 
    3211975 
    3028442 
    3000035 
    3130424 
    3366845 
    3614582 
    3751449 
    3642272 
    3164610 
    2234476 
     832058 
    -972560 
   -3037542 
   -5167444 
   -7131358 
   -8681056 
   -9584976 
   -9662208 
   -8816480 
   -7070144 
   -4547658 
   -1459068 
    1916510 
    5247408 
    8190674 
   10433340 
   11733690 
   11962528 
   11099728 
    9230784 
    6543360 
    3323840 
     -87336 
   -3340336 
   -6120600 
   -8193504 
   -9410164 
   -9713240 
   -9142740 
   -7841824 
   -6022327 
   -3930282 
   -1811443 
     123192 
    1710455 
    2848082 
    3507787 
    3748336 
    3685137 
    3459830 
    3209877 
    3038152 
    3006525 
    3129446 
    3367529 
    3621136 
    3757515 
    3637938 
    3144839 
    2208952 
     817486 
    -977700 
   -3051922 
   -5199496 
   -7170656 
   -8708472 
   -9585768 
   -9642040 
   -8794781 
   -7050806 
   -4517577 
   -1414528 
    1963712 
    5284096 
    8211936 
   10447680 
   11753328 
   11978848 
   11088592 
    9187712 
    6488740 
    3278168 
    -116972 
   -3362528 
   -6149186 
   -8224428 
   -9424490 
   -9706320 
   -9127746 
   -7827644 
   -6006106 
   -3904608 
   -1773534 
     160300 
    1726122 
    2841680 
    3499235 
    3751554 
    3697903 
    3470040 
    3206258 
    3025428 
    3001042 
    3135256 
    3373722 
    3620420 
    3752490 
    3635064 
    3146738 
    2205044 
     791922 
   -1020808 
   -3089771 
   -5218362 
   -7175071 
   -8711808 
   -9597843 
   -9653746 
   -8785327 
   -7017576 
   -4477705 
   -1378190 
    2000187 
    5325296 
    8254751 
   10477002 
   11752427 
   11954424 
   11065661 
    9174326 
    6470377 
    3241792 
    -170175 
   -3415738 
   -6181323 
   -8234312 
   -9428423 
   -9709090 
   -9118843 
   -7802688 
   -5973607 
   -3878058 
   -1761475 
     166232 
    1743479 
    2869810 
    3518699 
    3750352 
    3681191 
    3453338 
    3204099 
    3035448 
    3007901 
    3134390 
    3374137 
    3626528 
    3758325 
    3630878 
    3127337 
    2179864 
     777495 
   -1025998 
   -3104245 
   -5250416 
   -7214208 
   -8738832 
   -9598000 
   -9632912 
   -8763299 
   -6998466 
   -4448335 
   -1334488 
    2046844 
    5361792 
    8275860 
   10490936 
   11771330 
   11969812 
   11053650 
    9130648 
    6415538 
    3196372 
    -199086 
   -3436968 
   -6209088 
   -8264728 
   -9442424 
   -9701752 
   -9103129 
   -7787614 
   -5956709 
   -3852160 
   -1723739 
     202974 
    1758809 
    2863224 
    3510123 
    3753674 
    3694127 
    3463632 
    3200325 
    3022414 
    3002265 
    3140488 
    3381125 
    3626838 
    3754097 
    3628368 
    3129324 
    2176056 
     752284 
   -1068432 
   -3141193 
   -5268262 
   -7217565 
   -8741192 
   -9609283 
   -9643914 
   -8752983 
   -6964096 
   -4407180 
   -1297096 
    2083748 
    5402784 
    8318205 
   10519886 
   11770305 
   11945464 
   11030833 
    9117294 
    6397085 
    3159744 
    -252704 
   -3490560 
   -6241264 
   -8274208 
   -9445701 
   -9703934 
   -9093945 
   -7762584 
   -5923984 
   -3825032 
   -1710840 
     209784 
    1776859 
    2891754 
    3529711 
    3752368 
    3677146 
    3446636 
    3197986 
    3032288 
    3008730 
    3138748 
    3380178 
    3631408 
    3758680 
    3623392 
    3109400 
    2150320 
     737059 
   -1074654 
   -3156737 
   -5301224 
   -7257310 
   -8768396 
   -9609134 
   -9622472 
   -8730411 
   -6944762 
   -4377903 
   -1253536 
    2130549 
    5439710 
    8339689 
   10533848 
   11788828 
   11960208 
   11018164 
    9073128 
    6342001 
    3114366 
    -281299 
   -3511408 
   -6268892 
   -8304824 
   -9460044 
   -9696784 
   -9078086 
   -7747220 
   -5907102 
   -3799712 
   -1674154 
     245284 
    1791070 
    2884368 
    3520695 
    3755578 
    3690211 
    3457112 
    3194250 
    3019172 
    3003130 
    3145208 
    3387861 
    3632454 
    3754801 
    3620704 
    3110908 
    2146056 
     711644 
   -1117024 
   -3193517 
   -5318958 
   -7260705 
   -8771032 
   -9620961 
   -9634094 
   -8720445 
   -6910272 
   -4336252 
   -1215656 
    2167476 
    5480160 
    8381210 
   10561980 
   11787106 
   11935248 
   10994718 
    9059108 
    6322918 
    3077184 
    -335381 
   -3565246 
   -6300921 
   -8313816 
   -9462807 
   -9698802 
   -9069307 
   -7722992 
   -5875125 
   -3773006 
   -1661401 
     252024 
    1808932 
    2912544 
    3539868 
    3753928 
    3673074 
    3440292 
    3192514 
    3029928 
    3010399 
    3143890 
    3386883 
    3636800 
    3759393 
    3616134 
    3091605 
    2120888 
     696763 
   -1123094 
   -3208913 
   -5351632 
   -7299986 
   -8797596 
   -9620058 
   -9612032 
   -8697735 
   -6891434 
   -4307939 
   -1173096 
    2213699 
    5516986 
    8402727 
   10575792 
   11805213 
   11949438 
   10981585 
    9014696 
    6267792 
    3031928 
    -363752 
   -3585960 
   -6328738 
   -8344932 
   -9477666 
   -9691816 
   -9053043 
   -7706826 
   -5857495 
   -3747264 
   -1624569 
     287594 
    1823331 
    2905512 
    3531267 
    3757482 
    3686295 
    3450592 
    3188175 
    3015930 
    3003995 
    3149928 
    3394597 
    3638070 
    3755505 
    3613040 
    3092494 
    2116068 
     671046 
   -1165504 
   -3245601 
   -5369222 
   -7303173 
   -8799960 
   -9631547 
   -9623114 
   -8686815 
   -6855536 
   -4264652 
   -1133784 
    2251444 
    5557648 
    8444258 
   10604092 
   11803930 
   11925088 
   10958724 
    9001144 
    6249108 
    2995136 
    -417392 
   -3639136 
   -6359696 
   -8352512 
   -9479031 
   -9692874 
   -9044003 
   -7682888 
   -5825910 
   -3720764 
   -1611862 
     294264 
    1840906 
    2933124 
    3549690 
    3755032 
    3668456 
    3433368 
    3186496 
    3027112 
    3011732 
    3148816 
    3393468 
    3642136 
    3760085 
    3608870 
    3073809 
    2091456 
     656469 
   -1171522 
   -3261047 
   -5401928 
   -7342422 
   -8826364 
   -9630310 
   -9600680 
   -8663967 
   -6836946 
   -4236883 
   -1091744 
    2297522 
    5594700 
    8466026 
   10617904 
   11821762 
   11938908 
   10945386 
    8956832 
    6194369 
    2950502 
    -444987 
   -3659144 
   -6387157 
   -8383670 
   -9494097 
   -9685936 
   -9027428 
   -7666216 
   -5808004 
   -3695216 
   -1575607 
     329126 
    1854733 
    2925800 
    3541077 
    3758806 
    3682049 
    3444016 
    3182288 
    3013040 
    3005264 
    3154992 
    3401528 
    3643680 
    3755992 
    3604976 
    3073555 
    2085506 
     629903 
   -1214440 
   -3298022 
   -5419708 
   -7345782 
   -8829000 
   -9642275 
   -9612362 
   -8653543 
   -6801312 
   -4193718 
   -1052708 
    2334530 
    5634224 
    8506424 
   10645408 
   11820088 
   11914416 
   10922373 
    8942958 
    6175177 
    2913032 
    -499423 
   -3713026 
   -6418451 
   -8391152 
   -9495135 
   -9686730 
   -9018363 
   -7642328 
   -5776148 
   -3667936 
   -1561756 
     337016 
    1873336 
    2954136 
    3559968 
    3756648 
    3664405 
    3427030 
    3181025 
    3024752 
    3013399 
    3153946 
    3400131 
    3647416 
    3760559 
    3601186 
    3055363 
    2061168 
     615203 
   -1220894 
   -3313937 
   -5452680 
   -7384984 
   -8854984 
   -9640256 
   -9588984 
   -8629907 
   -6782266 
   -4165751 
   -1010448 
    2381125 
    5671982 
    8528633 
   10659048 
   11837099 
   11927002 
   10907759 
    8897600 
    6119730 
    2868076 
    -526966 
   -3732784 
   -6445714 
   -8422204 
   -9509978 
   -9679200 
   -9000741 
   -7624446 
   -5757401 
   -3642200 
   -1525853 
     371306 
    1886711 
    2946656 
    3551475 
    3760722 
    3678351 
    3437896 
    3176737 
    3010366 
    3006653 
    3160112 
    3408481 
    3649302 
    3756501 
    3596968 
    3054737 
    2055166 
     589117 
   -1262864 
   -3349776 
   -5469392 
   -7387488 
   -8857072 
   -9652002 
   -9600604 
   -8619290 
   -6746176 
   -4122003 
    -971058 
    2417905 
    5710744 
    8568162 
   10685940 
   11835170 
   11902488 
   10884737 
    8883630 
    6100413 
    2830528 
    -581362 
   -3786348 
   -6476250 
   -8428592 
   -9509975 
   -9679450 
   -8991891 
   -7601368 
   -5726478 
   -3615676 
   -1512606 
     378568 
    1904500 
    2974000 
    3569372 
    3757752 
    3660206 
    3420828 
    3175838 
    3022680 
    3015241 
    3159070 
    3406597 
    3652352 
    3760629 
    3593150 
    3036729 
    2030936 
     574268 
   -1269680 
   -3366044 
   -5502520 
   -7426566 
   -8882604 
   -9649222 
   -9576376 
   -8595065 
   -6727006 
   -4094309 
    -929152 
    2464419 
    5748690 
    8590479 
   10699336 
   11851576 
   11914312 
   10869488 
    8837912 
    6044853 
    2785638 
    -608751 
   -3806080 
   -6503867 
   -8460386 
   -9525671 
   -9672520 
   -8974385 
   -7583262 
   -5707581 
   -3590096 
   -1477080 
     412480 
    1917688 
    2966544 
    3560970 
    3761836 
    3673986 
    3431264 
    3170829 
    3007470 
    3007921 
    3165176 
    3415412 
    3654912 
    3756988 
    3588904 
    3035801 
    2024622 
     548037 
   -1311632 
   -3401836 
   -5519224 
   -7429068 
   -8884688 
   -9660974 
   -9587908 
   -8584086 
   -6690240 
   -4049757 
    -889198 
    2501183 
    5786920 
    8629396 
   10725904 
   11849708 
   11890104 
   10846764 
    8824080 
    6025508 
    2747912 
    -663441 
   -3859886 
   -6534365 
   -8466432 
   -9525241 
   -9672534 
   -8965629 
   -7560408 
   -5676599 
   -3563058 
   -1463051 
     420464 
    1935859 
    2993858 
    3578559 
    3758456 
    3655482 
    3414052 
    3170106 
    3020152 
    3016746 
    3163972 
    3412922 
    3657176 
    3760558 
    3584892 
    3017758 
    2000248 
     532787 
   -1319046 
   -3418697 
   -5552816 
   -7468484 
   -8910440 
   -9658308 
   -9563824 
   -8560244 
   -6671752 
   -4022868 
    -847856 
    2547713 
    5825398 
    8652325 
   10739624 
   11866054 
   11901628 
   10831238 
    8778280 
    5970097 
    2703422 
    -690179 
   -3878864 
   -6561354 
   -8497772 
   -9540482 
   -9664928 
   -8947147 
   -7541282 
   -5657095 
   -3537480 
   -1427949 
     453882 
    1948807 
    2986544 
    3570606 
    3763172 
    3669958 
    3425088 
    3165466 
    3005148 
    3009714 
    3170640 
    3422559 
    3660522 
    3757259 
    3580440 
    3016340 
    1993504 
     506412 
   -1360856 
   -3454232 
   -5569272 
   -7470768 
   -8912360 
   -9669967 
   -9575218 
   -8548883 
   -6634304 
   -3977513 
    -807350 
    2584419 
    5862984 
    8690391 
   10765442 
   11863595 
   11876864 
   10807820 
    8763592 
    5949868 
    2664896 
    -745526 
   -3933060 
   -6591838 
   -8503472 
   -9539667 
   -9664834 
   -8938703 
   -7518936 
   -5626362 
   -3510212 
   -1413354 
     462472 
    1967359 
    3013938 
    3588083 
    3759616 
    3651304 
    3407856 
    3164920 
    3018080 
    3018586 
    3169084 
    3419346 
    3662000 
    3760390 
    3576436 
    2998494 
    1969216 
     491001 
   -1368554 
   -3471203 
   -5602600 
   -7509526 
   -8937116 
   -9666086 
   -9549960 
   -8524228 
   -6615504 
   -3950684 
    -766104 
    2631145 
    5901902 
    8713621 
   10779056 
   11879461 
   11887790 
   10791897 
    8717736 
    5894669 
    2620774 
    -771847 
   -3951760 
   -6618884 
   -8535176 
   -9555316 
   -9657392 
   -8920030 
   -7499524 
   -5606966 
   -3485376 
   -1379485 
     494482 
    1979023 
    3005576 
    3579240 
    3763496 
    3664928 
    3417944 
    3159199 
    3002018 
    3010819 
    3175536 
    3429229 
    3665694 
    3757073 
    3571464 
    2996313 
    1961806 
     464261 
   -1410480 
   -3506844 
   -5619320 
   -7512252 
   -8939632 
   -9678436 
   -9561960 
   -8513156 
   -6577968 
   -3905053 
    -725502 
    2667439 
    5938648 
    8750862 
   10804412 
   11876958 
   11863224 
   10768661 
    8703110 
    5874465 
    2582336 
    -826967 
   -4005450 
   -6648451 
   -8539656 
   -9553332 
   -9656560 
   -8911468 
   -7477464 
   -5576434 
   -3457940 
   -1364418 
     503624 
    1997998 
    3033228 
    3596942 
    3760264 
    3646769 
    3401438 
    3159613 
    3015952 
    3020405 
    3174190 
    3425769 
    3666824 
    3760221 
    3567974 
    2979209 
    1938128 
     449096 
   -1418272 
   -3524024 
   -5652784 
   -7550995 
   -8964162 
   -9674095 
   -9536152 
   -8488123 
   -6559114 
   -3878431 
    -684464 
    2714226 
    5977820 
    8774154 
   10817632 
   11892009 
   11873174 
   10751933 
    8656792 
    5819124 
    2538336 
    -852964 
   -4023800 
   -6675343 
   -8571426 
   -9569059 
   -9648944 
   -8892240 
   -7457328 
   -5556576 
   -3433104 
   -1330858 
     535316 
    2009598 
    3025120 
    3588539 
    3764610 
    3660759 
    3411656 
    3153695 
    2999474 
    3012275 
    3180544 
    3435830 
    3670724 
    3756798 
    3562544 
    2976518 
    1930484 
     422558 
   -1459648 
   -3559021 
   -5668942 
   -7553281 
   -8966392 
   -9686338 
   -9548116 
   -8476882 
   -6521176 
   -3832258 
    -643444 
    2750558 
    6014312 
    8811235 
   10843178 
   11890007 
   11849184 
   10729076 
    8642264 
    5798852 
    2499776 
    -908197 
   -4077470 
   -6704617 
   -8575384 
   -9566564 
   -9647872 
   -8883820 
   -7435592 
   -5526178 
   -3405508 
   -1315586 
     544376 
    2028001 
    3051790 
    3605165 
    3760512 
    3642129 
    3395174 
    3154613 
    3014168 
    3022517 
    3179494 
    3432289 
    3671648 
    3759955 
    3559314 
    2959631 
    1906696 
     406885 
   -1468138 
   -3576719 
   -5702512 
   -7591708 
   -8990264 
   -9681132 
   -9521488 
   -8451368 
   -6502304 
   -3805960 
    -602768 
    2797230 
    6053540 
    8834374 
   10855808 
   11904131 
   11858194 
   10711759 
    8595848 
    5743790 
    2456268 
    -933634 
   -4095384 
   -6731367 
   -8607250 
   -9582347 
   -9639984 
   -8863884 
   -7414552 
   -5505660 
   -3380432 
   -1282014 
     576156 
    2039978 
    3044320 
    3597433 
    3765366 
    3656381 
    3405368 
    3148400 
    2997288 
    3014136 
    3185896 
    3442627 
    3675754 
    3756327 
    3553280 
    2956319 
    1898810 
     380667 
   -1508760 
   -3610867 
   -5717978 
   -7593527 
   -8992240 
   -9693261 
   -9533278 
   -8439649 
   -6463528 
   -3758801 
    -561022 
    2833651 
    6089520 
    8870753 
   10880790 
   11901749 
   11833832 
   10688295 
    8580418 
    5722475 
    2416704 
    -989685 
   -4149502 
   -6760569 
   -8610712 
   -9579270 
   -9638604 
   -8855606 
   -7393208 
   -5475467 
   -3352650 
   -1266319 
     585584 
    2058451 
    3070722 
    3613599 
    3760760 
    3637278 
    3388540 
    3149166 
    3011928 
    3024194 
    3184372 
    3438354 
    3675960 
    3759122 
    3550068 
    2939506 
    1874808 
     364339 
   -1518214 
   -3629513 
   -5752240 
   -7632322 
   -9016156 
   -9687834 
   -9506368 
   -8414068 
   -6444920 
   -3732964 
    -520672 
    2880448 
    6129248 
    8894336 
   10893472 
   11915489 
   11842214 
   10670389 
    8533592 
    5667148 
    2373040 
   -1015180 
   -4167480 
   -6787539 
   -8642938 
   -9595351 
   -9630736 
   -8835354 
   -7371788 
   -5454962 
   -3328160 
   -1233695 
     616422 
    2069813 
    3063064 
    3605991 
    3765906 
    3651883 
    3399024 
    3143083 
    2995090 
    3015975 
    3191192 
    3449303 
    3680562 
    3755499 
    3543504 
    2935455 
    1866346 
     337915 
   -1558728 
   -3663476 
   -5767600 
   -7634124 
   -9018200 
   -9700115 
   -9518298 
   -8402327 
   -6405936 
   -3685575 
    -478970 
    2916317 
    6164328 
    8929957 
   10918198 
   11913393 
   11818480 
   10647613 
    8518782 
    5646433 
    2334088 
   -1070627 
   -4220954 
   -6815975 
   -8645584 
   -9591642 
   -9629132 
   -8827314 
   -7350880 
   -5424974 
   -3300212 
   -1217702 
     625936 
    2087929 
    3088710 
    3621277 
    3760552 
    3632302 
    3382060 
    3144046 
    3010088 
    3026285 
    3189670 
    3444873 
    3680784 
    3758857 
    3541414 
    2919949 
    1843432 
     322249 
   -1567858 
   -3681851 
   -5801456 
   -7672369 
   -9041462 
   -9693989 
   -9490792 
   -8376433 
   -6387326 
   -3659869 
    -438576 
    2963569 
    6204758 
    8954005 
   10930792 
   11926542 
   11826092 
   10629166 
    8471848 
    5591383 
    2290978 
   -1095397 
   -4238208 
   -6842394 
   -8677404 
   -9607234 
   -9620464 
   -8805901 
   -7328222 
   -5403617 
   -3275432 
   -1185138 
     656700 
    2099454 
    3081464 
    3614144 
    3766088 
    3647176 
    3392680 
    3137976 
    2993256 
    3018240 
    3196888 
    3456294 
    3685580 
    3754790 
    3533784 
    2914613 
    1833894 
     295185 
   -1608640 
   -3715965 
   -5817006 
   -7674385 
   -9043704 
   -9706423 
   -9502738 
   -8364459 
   -6347888 
   -3612015 
    -396714 
    2999061 
    6239080 
    8988943 
   10955186 
   11924387 
   11802272 
   10605960 
    8456208 
    5569656 
    2251072 
   -1151575 
   -4292042 
   -6870739 
   -8679656 
   -9603173 
   -9618870 
   -8798337 
   -7307984 
   -5374004 
   -3247336 
   -1168628 
     666800 
    2117974 
    3107284 
    3629502 
    3760800 
    3627661 
    3375790 
    3139025 
    3008248 
    3028276 
    3194752 
    3451036 
    3685096 
    3757927 
    3531970 
    2899531 
    1811200 
     279398 
   -1618076 
   -3734498 
   -5850672 
   -7712108 
   -9066200 
   -9699404 
   -9474416 
   -8338058 
   -6329164 
   -3586466 
    -356480 
    3046380 
    6279688 
    9012892 
   10967200 
   11936614 
   11808964 
   10586942 
    8409136 
    5514714 
    2208108 
   -1176302 
   -4309504 
   -6897726 
   -8712308 
   -9619574 
   -9610704 
   -8777015 
   -7285242 
   -5352819 
   -3223160 
   -1136918 
     696756 
    2128954 
    3099752 
    3622156 
    3766048 
    3642132 
    3385880 
    3132323 
    2990842 
    3019959 
    3202128 
    3462949 
    3690382 
    3753961 
    3524008 
    2893751 
    1801442 
     252475 
   -1658496 
   -3768333 
   -5866190 
   -7714289 
   -9068696 
   -9712067 
   -9486394 
   -8325751 
   -6289040 
   -3537813 
    -314094 
    3081799 
    6313432 
    9047194 
   10991236 
   11934410 
   11785208 
   10563657 
    8393214 
    5492661 
    2168000 
   -1232446 
   -4362932 
   -6925190 
   -8713328 
   -9614280 
   -9608256 
   -8769192 
   -7265200 
   -5323483 
   -3195250 
   -1120631 
     706408 
    2146733 
    3124710 
    3636873 
    3760592 
    3622992 
    3369872 
    3134624 
    3007152 
    3030986 
    3200396 
    3457506 
    3689408 
    3756688 
    3521952 
    2878352 
    1778112 
     235687 
   -1669078 
   -3787789 
   -5900344 
   -7752084 
   -9090944 
   -9704604 
   -9457640 
   -8299159 
   -6270434 
   -3512539 
    -273984 
    3129407 
    6354618 
    9071563 
   11003208 
   11946163 
   11791274 
   10544215 
    8346080 
    5437950 
    2125460 
   -1256634 
   -4379888 
   -6951868 
   -8745848 
   -9630508 
   -9599632 
   -8747031 
   -7241466 
   -5301571 
   -3170776 
   -1088864 
     736472 
    2158072 
    3117752 
    3630092 
    3766224 
    3637620 
    3379880 
    3127621 
    2989366 
    3022433 
    3207824 
    3469730 
    3695036 
    3752826 
    3513888 
    2872597 
    1768798 
     209689 
   -1708296 
   -3820483 
   -5914954 
   -7753543 
   -9092832 
   -9716739 
   -9469106 
   -8286287 
   -6229736 
   -3463486 
    -231628 
    3164210 
    6387384 
    9105032 
   11026872 
   11944000 
   11767688 
   10520907 
    8329850 
    5415455 
    2084928 
   -1313106 
   -4433452 
   -6979194 
   -8746544 
   -9624952 
   -9597216 
   -8739592 
   -7221904 
   -5272395 
   -3142578 
   -1072087 
     746472 
    2175827 
    3142346 
    3644343 
    3760384 
    3618224 
    3363744 
    3129888 
    3005600 
    3033150 
    3205460 
    3463430 
    3693264 
    3755114 
    3511724 
    2857074 
    1745024 
     192075 
   -1719870 
   -3840745 
   -5949560 
   -7791515 
   -9115114 
   -9709279 
   -9440464 
   -8260045 
   -6211710 
   -3438849 
    -191944 
    3211788 
    6428752 
    9129332 
   11038248 
   11954711 
   11772578 
   10500507 
    8282112 
    5360403 
    2042226 
   -1337297 
   -4450328 
   -7005822 
   -8779036 
   -9641038 
   -9588216 
   -8716852 
   -7197696 
   -5250540 
   -3118792 
   -1041336 
     775608 
    2186624 
    3135240 
    3637573 
    3765974 
    3632673 
    3373424 
    3122471 
    2987514 
    3024675 
    3213464 
    3476601 
    3699838 
    3751781 
    3503712 
    2851212 
    1735784 
     166476 
   -1758496 
   -3872947 
   -5963922 
   -7792895 
   -9116968 
   -9721313 
   -9451614 
   -8246509 
   -6170032 
   -3388734 
    -148804 
    3246810 
    6461280 
    9162541 
   11061934 
   11952849 
   11749368 
   10477416 
    8265912 
    5337920 
    2001800 
   -1393577 
   -4503614 
   -7032773 
   -8779360 
   -9635310 
   -9585972 
   -8709894 
   -7178608 
   -5221407 
   -3090122 
   -1023899 
     786024 
    2204256 
    3159192 
    3650952 
    3759320 
    3612695 
    3357042 
    3124843 
    3004048 
    3035623 
    3211098 
    3470115 
    3697976 
    3754402 
    3502292 
    2836482 
    1712504 
     148941 
   -1770218 
   -3893223 
   -5998208 
   -7830259 
   -9138482 
   -9713071 
   -9422376 
   -8220050 
   -6152196 
   -3364514 
    -109448 
    3294407 
    6502898 
    9186907 
   11072944 
   11962854 
   11753524 
   10456590 
    8218144 
    5283066 
    1959356 
   -1417534 
   -4520368 
   -7059460 
   -8812008 
   -9651428 
   -9576688 
   -8686533 
   -7153710 
   -5199193 
   -3066408 
    -993381 
     815114 
    2215407 
    3152784 
    3644963 
    3765570 
    3627615 
    3366968 
    3117431 
    2985810 
    3026987 
    3218992 
    3483121 
    3704054 
    3749973 
    3492680 
    2828967 
    1701986 
     122619 
   -1809152 
   -3925649 
   -6012902 
   -7832053 
   -9140760 
   -9725482 
   -9433764 
   -8206522 
   -6110328 
   -3314193 
     -66350 
    3328963 
    6534720 
    9219616 
   11096576 
   11961264 
   11730592 
   10433479 
    8201610 
    5260195 
    1918728 
   -1473718 
   -4573196 
   -7085590 
   -8811320 
   -9644807 
   -9573938 
   -8679531 
   -7134800 
   -5170060 
   -3037432 
    -975548 
     825744 
    2232945 
    3176470 
    3658213 
    3759112 
    3608136 
    3351272 
    3120512 
    3002840 
    3037982 
    3216156 
    3475822 
    3701432 
    3752305 
    3491502 
    2814701 
    1679072 
     105235 
   -1820782 
   -3945585 
   -6046456 
   -7868380 
   -9161072 
   -9716004 
   -9403432 
   -8179293 
   -6092102 
   -3289849 
     -26896 
    3376837 
    6576686 
    9244057 
   11107240 
   11970683 
   11734266 
   10412575 
    8154176 
    5205829 
    1876702 
   -1497415 
   -4589896 
   -7112433 
   -8844190 
   -9660957 
   -9564304 
   -8655452 
   -7109144 
   -5147516 
   -3013968 
    -945614 
     854268 
    2243786 
    3169984 
    3652158 
    3765172 
    3622774 
    3360912 
    3112917 
    2984686 
    3029865 
    3225032 
    3490097 
    3708702 
    3748621 
    3482160 
    2807290 
    1668780 
      79330 
   -1859296 
   -3977895 
   -6061450 
   -7870755 
   -9164040 
   -9729085 
   -9415334 
   -8166009 
   -6050224 
   -3239437 
      16098 
    3410879 
    6607704 
    9276046 
   11130428 
   11968798 
   11710904 
   10388661 
    8136518 
    5181825 
    1835200 
   -1554096 
   -4642784 
   -7138192 
   -8842880 
   -9653780 
   -9561336 
   -8648644 
   -7090592 
   -5118498 
   -2984748 
    -927434 
     865008 
    2260990 
    3192964 
    3664614 
    3758048 
    3602816 
    3344928 
    3115872 
    3001632 
    3040649 
    3221782 
    3482269 
    3705688 
    3750949 
    3481286 
    2793249 
    1645696 
      61340 
   -1871704 
   -3998372 
   -6095104 
   -7906815 
   -9183866 
   -9719035 
   -9384488 
   -8138439 
   -6031810 
   -3214891 
      56000 
    3459573 
    6650622 
    9301081 
   11141080 
   11977757 
   11714070 
   10367609 
    8089408 
    5128061 
    1793838 
   -1577199 
   -4659080 
   -7164903 
   -8875810 
   -9669963 
   -9551520 
   -8624156 
   -7064584 
   -5096076 
   -2961984 
    -898492 
     892632 
    2271284 
    3186272 
    3658470 
    3763972 
    3617246 
    3354288 
    3107925 
    2983118 
    3032265 
    3230504 
    3496386 
    3712548 
    3746386 
    3470728 
    2784733 
    1634790 
      35417 
   -1909840 
   -4030257 
   -6109782 
   -7908885 
   -9186408 
   -9731498 
   -9395540 
   -8124090 
   -5988808 
   -3163583 
      99342 
    3493245 
    6680800 
    9332310 
   11163940 
   11975950 
   11690928 
   10343768 
    8071648 
    5104008 
    1752528 
   -1633403 
   -4711218 
   -7189703 
   -8873528 
   -9662082 
   -9548308 
   -8617538 
   -7046328 
   -5067013 
   -2932262 
    -879633 
     903872 
    2288609 
    3209094 
    3670805 
    3756984 
    3597705 
    3338942 
    3111637 
    3000768 
    3043511 
    3227402 
    3488499 
    3709544 
    3749069 
    3470502 
    2771273 
    1611920 
      17230 
   -1922620 
   -4050922 
   -6143296 
   -7944607 
   -9205882 
   -9721227 
   -9364744 
   -8096944 
   -5971160 
   -3139960 
     138440 
    3541454 
    6723404 
    9356798 
   11173608 
   11983635 
   11692874 
   10321879 
    8024128 
    5050035 
    1710962 
   -1656769 
   -4727864 
   -7216848 
   -8906856 
   -9678424 
   -9538280 
   -8592524 
   -7019808 
   -5044516 
   -2909944 
    -851349 
     931002 
    2298783 
    3202560 
    3664782 
    3762772 
    3611718 
    3347664 
    3102933 
    2981550 
    3034665 
    3235976 
    3502674 
    3716388 
    3744130 
    3459240 
    2762056 
    1600584 
      -8832 
   -1960840 
   -4083166 
   -6158700 
   -7947582 
   -9209288 
   -9734368 
   -9376184 
   -8082648 
   -5927960 
   -3088417 
     181778 
    3574707 
    6752928 
    9387572 
   11196440 
   11982100 
   11669984 
   10297973 
    8005982 
    5025545 
    1669400 
   -1712947 
   -4779658 
   -7240999 
   -8903776 
   -9669859 
   -9534706 
   -8585887 
   -7001608 
   -5015192 
   -2879560 
    -831712 
     942792 
    2316248 
    3225224 
    3676976 
    3755864 
    3592474 
    3332740 
    3107066 
    2999448 
    3045826 
    3232436 
    3494162 
    3712888 
    3746733 
    3459286 
    2748841 
    1577632 
     -27446 
   -1974116 
   -4103998 
   -6191888 
   -7982615 
   -9227898 
   -9723203 
   -9344600 
   -8054924 
   -5909936 
   -3064484 
     221336 
    3623670 
    6796396 
    9412614 
   11206136 
   11989415 
   11671474 
   10275835 
    7958448 
    4971583 
    1627722 
   -1736549 
   -4796648 
   -7268583 
   -8937538 
   -9686459 
   -9524640 
   -8560577 
   -6974822 
   -4992837 
   -2857848 
    -804184 
     969384 
    2326304 
    3218904 
    3671214 
    3761788 
    3606526 
    3341496 
    3098487 
    2980562 
    3037611 
    3241904 
    3509299 
    3720450 
    3742015 
    3447864 
    2739522 
    1566612 
     -52702 
   -2011272 
   -4135288 
   -6206600 
   -7985040 
   -9230744 
   -9735690 
   -9355236 
   -8039658 
   -5865688 
   -3012013 
     265226 
    3656935 
    6825568 
    9443092 
   11228952 
   11988036 
   11648640 
   10251653 
    7939742 
    4946537 
    1585816 
   -1792827 
   -4848314 
   -7292415 
   -8934080 
   -9677658 
   -9521116 
   -8554258 
   -6956944 
   -4963490 
   -2827068 
    -784106 
     981312 
    2343462 
    3240996 
    3682958 
    3754800 
    3587572 
    3327112 
    3103236 
    2998928 
    3048882 
    3238044 
    3500154 
    3716288 
    3744209 
    3447718 
    2726005 
    1543000 
     -72317 
   -2025606 
   -4156857 
   -6240080 
   -8020098 
   -9249340 
   -9724634 
   -9324000 
   -8012570 
   -5848508 
   -2988930 
     304176 
    3705668 
    6868968 
    9467780 
   11237808 
   11994225 
   11649142 
   10229077 
    7892424 
    4893245 
    1545062 
   -1815351 
   -4864176 
   -7318932 
   -8966856 
   -9693284 
   -9510032 
   -8527937 
   -6929398 
   -4940917 
   -2805640 
    -756977 
    1007778 
    2353827 
    3235248 
    3677646 
    3760804 
    3601334 
    3335328 
    3094040 
    2979568 
    3040536 
    3247776 
    3515804 
    3724296 
    3739564 
    3436032 
    2716442 
    1532060 
     -97118 
   -2062160 
   -4187747 
   -6254722 
   -8022639 
   -9252312 
   -9737155 
   -9334522 
   -7997047 
   -5803984 
   -2936396 
     347656 
    3737924 
    6896784 
    9497066 
   11259884 
   11992466 
   11625984 
   10204335 
    7872922 
    4867435 
    1502632 
   -1871874 
   -4915828 
   -7342546 
   -8963128 
   -9684380 
   -9506736 
   -8522180 
   -6912168 
   -4911957 
   -2774934 
    -736945 
    1019376 
    2370241 
    3256342 
    3688485 
    3753224 
    3582103 
    3320898 
    3098859 
    2997952 
    3051602 
    3243436 
    3506026 
    3719632 
    3741664 
    3436144 
    2703168 
    1508368 
    -117187 
   -2077090 
   -4209695 
   -6288216 
   -8057462 
   -9270572 
   -9725750 
   -9303000 
   -7969790 
   -5786716 
   -2913166 
     387016 
    3787456 
    6941176 
    9522520 
   11269080 
   11998720 
   11626600 
   10182200 
    7826344 
    4814887 
    1462402 
   -1894133 
   -4931648 
   -7369162 
   -8995964 
   -9699794 
   -9495024 
   -8494872 
   -6883616 
   -4888808 
   -2753488 
    -710099 
    1045598 
    2380609 
    3250792 
    3683336 
    3759240 
    3595792 
    3329048 
    3089661 
    2978710 
    3043529 
    3253536 
    3521958 
    3727556 
    3736350 
    3423344 
    2692502 
    1496724 
    -142178 
   -2113504 
   -4240443 
   -6302850 
   -8060023 
   -9273480 
   -9738094 
   -9313228 
   -7953870 
   -5741768 
   -2860323 
     430518 
    3819369 
    6968512 
    9551607 
   11291402 
   11997443 
   11603784 
   10157353 
    7806318 
    4788453 
    1419504 
   -1950899 
   -4983330 
   -7392655 
   -8992120 
   -9690983 
   -9492146 
   -8489787 
   -6866992 
   -4859997 
   -2722430 
    -689553 
    1057496 
    2396931 
    3271546 
    3693943 
    3751760 
    3576985 
    3315270 
    3095245 
    2997832 
    3055183 
    3249618 
    3512563 
    3723488 
    3739478 
    3424804 
    2680494 
    1473904 
    -161795 
   -2128130 
   -4261839 
   -6335384 
   -8093615 
   -9290434 
   -9725459 
   -9280688 
   -7925913 
   -5724134 
   -2836973 
     469912 
    3868955 
    7012810 
    9576479 
   11299440 
   12002235 
   11603058 
   10134343 
    7759352 
    4735746 
    1379156 
   -1973246 
   -4999176 
   -7419203 
   -9024714 
   -9705879 
   -9479616 
   -8461492 
   -6837624 
   -4836580 
   -2701280 
    -663200 
    1083424 
    2407392 
    3266336 
    3689026 
    3757676 
    3590250 
    3322768 
    3085283 
    2977858 
    3046543 
    3259352 
    3528232 
    3731032 
    3733472 
    3411112 
    2669110 
    1461980 
    -186650 
   -2164280 
   -4292563 
   -6350330 
   -8096615 
   -9293680 
   -9737922 
   -9290780 
   -7909642 
   -5678752 
   -2783819 
     513374 
    3900361 
    7039384 
    9604979 
   11321562 
   12001015 
   11580272 
   10109275 
    7738930 
    4709063 
    1336376 
   -2029516 
   -5050048 
   -7441668 
   -9019800 
   -9696180 
   -9476192 
   -8456204 
   -6820904 
   -4807465 
   -2669710 
    -642277 
    1095216 
    2422996 
    3285960 
    3698500 
    3749328 
    3570864 
    3308624 
    3090608 
    2996688 
    3057740 
    3254776 
    3518076 
    3726320 
    3736269 
    3412446 
    2656817 
    1438472 
    -207306 
   -2179972 
   -4314650 
   -6383064 
   -8130125 
   -9310518 
   -9725289 
   -9258432 
   -7882059 
   -5661570 
   -2760823 
     552696 
    3950215 
    7084018 
    9629787 
   11328944 
   12004778 
   11578572 
   10085730 
    7691904 
    4656478 
    1296052 
   -2052074 
   -5066416 
   -7469070 
   -9053476 
   -9712182 
   -9464608 
   -8428638 
   -6792212 
   -4784918 
   -2649584 
    -616756 
    1120824 
    2433740 
    3281424 
    3694269 
    3755742 
    3584497 
    3316488 
    3081115 
    2977370 
    3049983 
    3265568 
    3534821 
    3734718 
    3730713 
    3398936 
    2645740 
    1427248 
    -231100 
   -2215000 
   -4344562 
   -6397588 
   -8132850 
   -9313368 
   -9737084 
   -9267536 
   -7864532 
   -5614824 
   -2706434 
     597020 
    3981998 
    7110712 
    9658589 
   11351734 
   12004393 
   11556416 
   10060791 
    7671178 
    4629443 
    1253192 
   -2108044 
   -5116624 
   -7490612 
   -9047592 
   -9701727 
   -9460818 
   -8423363 
   -6775616 
   -4755672 
   -2617552 
    -595288 
    1132992 
    2449490 
    3301164 
    3704154 
    3748208 
    3566150 
    3303348 
    3087182 
    2996512 
    3060990 
    3260372 
    3523830 
    3729264 
    3733102 
    3400100 
    2633142 
    1403040 
    -252816 
   -2231808 
   -4367440 
   -6430688 
   -8166515 
   -9330386 
   -9724783 
   -9235720 
   -7837659 
   -5598426 
   -2684127 
     635936 
    4031810 
    7155436 
    9683194 
   11358448 
   12007224 
   11553888 
   10036824 
    7624112 
    4576905 
    1212806 
   -2130755 
   -5133144 
   -7518062 
   -9081084 
   -9717198 
   -9448344 
   -8394707 
   -6746010 
   -4732807 
   -2597776 
    -570480 
    1157872 
    2459664 
    3296112 
    3699196 
    3753592 
    3578604 
    3310096 
    3076804 
    2976648 
    3053044 
    3271216 
    3540623 
    3737386 
    3726715 
    3385336 
    2620822 
    1390924 
    -277098 
   -2267144 
   -4397801 
   -6445870 
   -8169893 
   -9333680 
   -9736745 
   -9244742 
   -7819901 
   -5551464 
   -2629737 
     679858 
    4062731 
    7181072 
    9711197 
   11380894 
   12006769 
   11531592 
   10011405 
    7602630 
    4549177 
    1169552 
   -2186809 
   -5183206 
   -7539341 
   -9074984 
   -9706751 
   -9444882 
   -8390019 
   -6729984 
   -4703784 
   -2565616 
    -548872 
    1169856 
    2474793 
    3314998 
    3708381 
    3745720 
    3560218 
    3297060 
    3082970 
    2995768 
    3063862 
    3265740 
    3529462 
    3732152 
    3729915 
    3387754 
    2609487 
    1367664 
    -298205 
   -2283422 
   -4419873 
   -6477800 
   -8202240 
   -9349464 
   -9723416 
   -9212152 
   -7792497 
   -5534702 
   -2607101 
     719232 
    4113216 
    7226496 
    9736176 
   11387552 
   12009356 
   11529000 
    9987820 
    7556320 
    4497431 
    1129770 
   -2209101 
   -5199416 
   -7566508 
   -9108112 
   -9721668 
   -9431624 
   -8360440 
   -6699592 
   -4680576 
   -2545912 
    -524182 
    1194932 
    2485610 
    3310856 
    3704243 
    3751658 
    3573047 
    3304160 
    3073040 
    2976512 
    3056672 
    3277376 
    3546882 
    3740492 
    3723194 
    3372304 
    2596593 
    1355414 
    -322171 
   -2318264 
   -4449918 
   -6492924 
   -8205598 
   -9352568 
   -9734958 
   -9220572 
   -7774078 
   -5487192 
   -2552467 
     762918 
    4143369 
    7251088 
    9763303 
   11409498 
   12008643 
   11506424 
    9961924 
    7534304 
    4469484 
    1086824 
   -2264382 
   -5248412 
   -7586622 
   -9100952 
   -9710437 
   -9427718 
   -8355553 
   -6683328 
   -4650971 
   -2512866 
    -501767 
    1207288 
    2500574 
    3329276 
    3713086 
    3743800 
    3554972 
    3291568 
    3079620 
    2995880 
    3067496 
    3271688 
    3535424 
    3735096 
    3726540 
    3375056 
    2585428 
    1331944 
    -343789 
   -2335030 
   -4472089 
   -6524512 
   -8237441 
   -9367974 
   -9721525 
   -9188184 
   -7747121 
   -5470990 
   -2530333 
     802016 
    4193857 
    7296550 
    9787941 
   11415288 
   12010061 
   11502742 
    9937625 
    7487616 
    4417384 
    1046512 
   -2287352 
   -5265344 
   -7614450 
   -9134572 
   -9725594 
   -9414448 
   -8325837 
   -6652958 
   -4628225 
   -2493992 
    -477863 
    1231998 
    2511557 
    3325600 
    3709290 
    3749724 
    3567490 
    3298224 
    3069276 
    2976376 
    3060300 
    3283536 
    3553141 
    3743598 
    3719673 
    3359272 
    2572364 
    1319904 
    -367244 
   -2369384 
   -4502035 
   -6539978 
   -8241303 
   -9371456 
   -9733172 
   -9196408 
   -7728276 
   -5422976 
   -2475318 
     845756 
    4223650 
    7320592 
    9814742 
   11437300 
   12009614 
   11480288 
    9911441 
    7464966 
    4388789 
    1003128 
   -2342860 
   -5314432 
   -7634612 
   -9127544 
   -9714721 
   -9411214 
   -8321901 
   -6637696 
   -4599392 
   -2461504 
    -456112 
    1243296 
    2525017 
    3342326 
    3716669 
    3740856 
    3548801 
    3285262 
    3075581 
    2995424 
    3070652 
    3277192 
    3540908 
    3737472 
    3722479 
    3361562 
    2560507 
    1295368 
    -390133 
   -2387206 
   -4524593 
   -6571168 
   -8272214 
   -9385700 
   -9718558 
   -9162960 
   -7700459 
   -5406130 
   -2452711 
     885256 
    4274526 
    7366252 
    9839086 
   11442280 
   12010047 
   11475922 
    9887123 
    7418912 
    4337646 
     963828 
   -2364842 
   -5330416 
   -7661532 
   -9160248 
   -9728876 
   -9396816 
   -8290998 
   -6606324 
   -4576110 
   -2442528 
    -432188 
    1268280 
    2536644 
    3339488 
    3713574 
    3747204 
    3561582 
    3292176 
    3065580 
    2976376 
    3063996 
    3289584 
    3559049 
    3746118 
    3715389 
    3345384 
