    32752 
  1526661 
  2994725 
 -1094127 
 -3496032 
 -1177253 
  1266127 
   898573 
   511906 
  1326272 
   371696 
 -2748022 
 -2922866 
  1398428 
  4341627 
  1368313 
 -2938541 
 -2731968 
   386947 
  1323646 
   508369 
   905444 
  1259644 
 -1197034 
 -3498702 
 -1064891 
  3524399 
  3487518 
 -1123269 
 -3493145 
 -1157474 
  1272519 
   891792 
   515402 
  1328758 
   356202 
 -2763907 
 -2907032 
  1428555 
  4341395 
  1338221 
 -2954075 
 -2715698 
   402137 
  1320999 
   504855 
   912254 
  1252977 
 -1216711 
 -3501145 
 -1035524 
  3542541 
  3468700 
 -1152328 
 -3490127 
 -1137734 
  1278704 
   885032 
   519030 
  1331342 
   340653 
 -2779643 
 -2891024 
  1458636 
  4340707 
  1308058 
 -2969445 
 -2699314 
   417103 
  1318259 
   501444 
   919164 
  1246110 
 -1236407 
 -3503391 
 -1006060 
  3560441 
  3449704 
 -1181273 
 -3486938 
 -1117996 
  1284739 
   878326 
   522641 
  1333922 
   324941 
 -2795266 
 -2874920 
  1488733 
  4339857 
  1277967 
 -2984640 
 -2682794 
   431944 
  1315489 
   497996 
   926147 
  1239218 
 -1256051 
 -3505433 
  -976493 
  3578288 
  3430566 
 -1210010 
 -3483544 
 -1098188 
  1290599 
   871566 
   526245 
  1336350 
   309045 
 -2810659 
 -2858664 
  1518716 
  4338603 
  1247811 
 -2999710 
 -2666034 
   446694 
  1312711 
   494610 
   933070 
  1232102 
 -1275763 
 -3507289 
  -946832 
  3595822 
  3411174 
 -1238749 
 -3479991 
 -1078359 
  1296304 
   864915 
   529837 
  1338799 
   293013 
 -2825928 
 -2842245 
  1548739 
  4337072 
  1217665 
 -3014556 
 -2649162 
   461205 
  1309908 
   491307 
   940043 
  1224853 
 -1295438 
 -3509013 
  -917085 
  3613231 
  3391613 
 -1267243 
 -3476259 
 -1058558 
  1301824 
   858360 
   533596 
  1341202 
   276856 
 -2840938 
 -2825631 
  1578765 
  4335243 
  1187543 
 -3029303 
 -2632172 
   475670 
  1306961 
   487994 
   947098 
  1217512 
 -1315042 
 -3510363 
  -887243 
  3630406 
  3371814 
 -1295671 
 -3472338 
 -1038689 
  1307220 
   851906 
   537279 
  1343563 
   260504 
 -2855845 
 -2808961 
  1608754 
  4333151 
  1157375 
 -3043843 
 -2614977 
   489946 
  1304090 
   484786 
   954027 
  1209949 
 -1334698 
 -3511589 
  -857376 
  3647335 
  3351735 
 -1323974 
 -3468246 
 -1018794 
  1312454 
   845332 
   540921 
  1345878 
   244114 
 -2870493 
 -2792007 
  1638780 
  4330771 
  1127255 
 -3058212 
 -2597663 
   504145 
  1301120 
   481565 
   961031 
  1202266 
 -1354379 
 -3512652 
  -827423 
  3664162 
  3331551 
 -1352103 
 -3463957 
  -998884 
  1317472 
   838974 
   544701 
  1348174 
   227431 
 -2885048 
 -2775005 
  1668657 
  4328056 
  1097155 
 -3072421 
 -2580218 
   518171 
  1298109 
   478413 
   968059 
  1194542 
 -1373996 
 -3513389 
  -797332 
  3680833 
  3311085 
 -1380112 
 -3459599 
  -978998 
  1322365 
   832621 
   548411 
  1350433 
   210760 
 -2899321 
 -2757869 
  1698603 
  4325094 
  1066972 
 -3086487 
 -2562594 
   532088 
  1295045 
   475402 
   975141 
  1186638 
 -1393594 
 -3513965 
  -767232 
  3697215 
  3290448 
 -1407856 
 -3454954 
  -959000 
  1327090 
   826360 
   552190 
  1352635 
   193816 
 -2913521 
 -2740540 
  1728388 
  4321696 
  1036789 
 -3100287 
 -2544885 
   545792 
  1291862 
   472316 
   982110 
  1178579 
 -1413291 
 -3514331 
  -737063 
  3713473 
  3269560 
 -1435553 
 -3450272 
  -939029 
  1331624 
   820104 
   555909 
  1354836 
   176811 
 -2927465 
 -2723053 
  1758256 
  4318125 
  1006657 
 -3113997 
 -2527018 
   559447 
  1288716 
   469401 
   989149 
  1170408 
 -1432922 
 -3514426 
  -706863 
  3729523 
  3248481 
 -1463081 
 -3445369 
  -919050 
  1335978 
   813943 
   559671 
  1356939 
   159647 
 -2941232 
 -2705481 
  1788093 
  4314264 
   976508 
 -3127534 
 -2509099 
   572935 
  1285438 
   466516 
   996168 
  1162148 
 -1452529 
 -3514306 
  -676622 
  3745397 
  3227178 
 -1490479 
 -3440320 
  -899035 
  1340189 
   807827 
   563444 
  1359018 
   142328 
 -2954832 
 -2687738 
  1817760 
  4310088 
   946376 
 -3140822 
 -2491010 
   586280 
  1282131 
   463643 
  1003079 
  1153692 
 -1472179 
 -3513927 
  -646285 
  3761090 
  3205627 
 -1517698 
 -3435130 
  -878976 
  1344192 
   801825 
   567228 
  1361012 
   124849 
 -2968256 
 -2669831 
  1847456 
  4305637 
   916182 
 -3153983 
 -2472812 
   599555 
  1278796 
   460936 
  1010094 
  1145195 
 -1491804 
 -3513310 
  -615922 
  3776582 
  3183871 
 -1544649 
 -3429779 
  -858959 
  1348026 
   795885 
   571058 
  1363124 
   107342 
 -2981473 
 -2651724 
  1877157 
  4300889 
   886080 
 -3166874 
 -2454543 
   612643 
  1275371 
   458297 
  1017067 
  1136593 
 -1511433 
 -3512459 
  -585530 
  3791922 
  3161913 
 -1571528 
 -3424298 
  -838830 
  1351784 
   789996 
   574886 
  1365049 
    89581 
 -2994554 
 -2633519 
  1906715 
  4295902 
   855878 
 -3179640 
 -2436077 
   625682 
  1271912 
   455713 
  1023926 
  1127876 
 -1531044 
 -3511400 
  -555138 
  3807087 
  3139783 
 -1598165 
 -3418590 
  -818745 
  1355226 
   784154 
   578688 
  1366966 
    71779 
 -3007332 
 -2615155 
  1936166 
  4290554 
   825726 
 -3192235 
 -2417622 
   638579 
  1268369 
   453162 
  1030811 
  1119021 
 -1550687 
 -3510005 
  -524633 
  3822020 
  3117371 
 -1624719 
 -3412871 
  -798656 
  1358553 
   778392 
   582486 
  1368826 
    53807 
 -3020060 
 -2596672 
  1965611 
  4284959 
   795533 
 -3204545 
 -2398941 
   651340 
  1264739 
   450840 
  1037717 
  1110099 
 -1570311 
 -3508427 
  -494187 
  3836788 
  3094754 
 -1650970 
 -3406873 
  -778477 
  1361753 
   772745 
   586299 
  1370573 
    35643 
 -3032561 
 -2578001 
  1995030 
  4279157 
   765401 
 -3216717 
 -2380241 
   664057 
  1261039 
   448457 
  1044504 
  1101039 
 -1590039 
 -3506645 
  -463747 
  3851403 
  3071930 
 -1677151 
 -3400801 
  -758317 
  1364763 
   767112 
   590134 
  1372325 
    17411 
 -3044931 
 -2559183 
  2024340 
  4273025 
   735220 
 -3228620 
 -2361459 
   676566 
  1257253 
   446161 
  1051256 
  1091862 
 -1609763 
 -3504610 
  -433214 
  3865899 
  3048922 
 -1703156 
 -3394689 
  -738190 
  1367536 
   761608 
   594083 
  1374107 
     -823 
 -3056966 
 -2540143 
  2053600 
  4266685 
   705032 
 -3240387 
 -2342550 
   689050 
  1253442 
   444071 
  1058017 
  1082661 
 -1629386 
 -3502263 
  -402660 
  3880141 
  3025659 
 -1728934 
 -3388271 
  -718025 
  1370212 
   756116 
   597922 
  1375693 
   -19261 
 -3068953 
 -2521033 
  2082730 
  4259995 
   674804 
 -3251860 
 -2323624 
   701406 
  1249538 
   442042 
  1064676 
  1073314 
 -1649070 
 -3499591 
  -372086 
  3894161 
  3002186 
 -1754493 
 -3381780 
  -697839 
  1372669 
   750704 
   601795 
  1377289 
   -37861 
 -3080756 
 -2501698 
  2111791 
  4253120 
   644651 
 -3263147 
 -2304508 
   713685 
  1245630 
   440130 
  1071342 
  1063916 
 -1668740 
 -3496736 
  -341514 
  3908123 
  2978484 
 -1779909 
 -3375129 
  -677615 
  1375048 
   745404 
   605685 
  1378825 
   -56503 
 -3092345 
 -2482222 
  2140769 
  4245960 
   614480 
 -3274241 
 -2285470 
   725776 
  1241511 
   438251 
  1077892 
  1054365 
 -1688454 
 -3493652 
  -311004 
  3921807 
  2954578 
 -1805151 
 -3368351 
  -657446 
  1377207 
   740156 
   609600 
  1380179 
   -75332 
 -3103750 
 -2462632 
  2169626 
  4238543 
   584202 
 -3285076 
 -2266277 
   737797 
  1237335 
   436500 
  1084413 
  1044799 
 -1708177 
 -3490258 
  -280399 
  3935384 
  2930550 
 -1830149 
 -3361458 
  -637227 
  1379211 
   734983 
   613553 
  1381569 
   -94250 
 -3115051 
 -2442870 
  2198375 
  4230870 
   553979 
 -3295738 
 -2247054 
   749789 
  1233162 
   434890 
  1090876 
  1035120 
 -1727835 
 -3486618 
  -249845 
  3948726 
  2906166 
 -1855029 
 -3354405 
  -616978 
  1381069 
   729844 
   617515 
  1382913 
  -113181 
 -3126077 
 -2422875 
  2227028 
  4222928 
   523734 
 -3306108 
 -2227730 
   761612 
  1228899 
   433389 
  1097250 
  1025267 
 -1747635 
 -3482688 
  -219246 
  3961920 
  2881640 
 -1879704 
 -3347207 
  -596820 
  1382752 
   724848 
   621516 
  1384176 
  -132225 
 -3136985 
 -2402732 
  2255608 
  4214828 
   493489 
 -3316273 
 -2208306 
   773484 
  1224487 
   431942 
  1103632 
  1015493 
 -1767333 
 -3478539 
  -188678 
  3974913 
  2856938 
 -1904138 
 -3339868 
  -576624 
  1384258 
   719794 
   625418 
  1385274 
  -151366 
 -3147673 
 -2382464 
  2284034 
  4206471 
   463263 
 -3326260 
 -2188948 
   785039 
  1219982 
   430661 
  1109902 
  1005507 
 -1787096 
 -3474123 
  -158144 
  3987717 
  2831985 
 -1928437 
 -3332465 
  -556484 
  1385620 
   714886 
   629526 
  1386301 
  -170721 
 -3158271 
 -2361962 
  2312368 
  4197813 
   432967 
 -3335954 
 -2169520 
   796648 
  1215407 
   429465 
  1116020 
   995413 
 -1806854 
 -3469405 
  -127531 
  4000409 
  2806901 
 -1952495 
 -3324830 
  -536234 
  1386923 
   710081 
   633590 
  1387336 
  -190020 
 -3168660 
 -2341339 
  2340513 
  4188952 
   402641 
 -3345412 
 -2149992 
   808160 
  1210807 
   428397 
  1122149 
   985346 
 -1826606 
 -3464408 
   -96968 
  4012848 
  2781591 
 -1976321 
 -3317052 
  -516055 
  1387978 
   705289 
   637610 
  1388147 
  -209453 
 -3178910 
 -2320507 
  2368594 
  4179861 
   372372 
 -3354620 
 -2130467 
   819552 
  1206087 
   427514 
  1128241 
   975162 
 -1846406 
 -3459207 
   -66456 
  4025083 
  2756040 
 -2000030 
 -3309172 
  -495909 
  1388876 
   700494 
   641729 
  1389015 
  -228889 
 -3188998 
 -2299567 
  2396511 
  4170535 
   342070 
 -3363556 
 -2110891 
   830902 
  1201264 
   426626 
  1134142 
   964850 
 -1866108 
 -3453714 
   -35932 
  4037191 
  2730326 
 -2023594 
 -3301133 
  -475807 
  1389640 
   695821 
   645893 
  1389704 
  -248515 
 -3198892 
 -2278350 
  2424305 
  4161028 
   311730 
 -3372285 
 -2091261 
   842157 
  1196371 
   425914 
  1140036 
   954540 
 -1885857 
 -3447930 
    -5392 
  4049086 
  2704473 
 -2046792 
 -3292909 
  -455666 
  1390325 
   691180 
   650004 
  1390327 
  -268104 
 -3208639 
 -2257030 
  2451904 
  4151272 
   281368 
 -3380763 
 -2071675 
   853268 
  1191319 
   425343 
  1145872 
   944141 
 -1905621 
 -3441907 
    25120 
  4060772 
  2678390 
 -2069885 
 -3284595 
  -435593 
  1390877 
   686692 
   654215 
  1390778 
  -287813 
 -3218203 
 -2235476 
  2479410 
  4141264 
   250974 
 -3388992 
 -2052000 
   864339 
  1186256 
   424912 
  1151557 
   933584 
 -1925418 
 -3435622 
    55626 
  4072248 
  2652092 
 -2092880 
 -3276135 
  -415529 
  1391265 
   682141 
   658418 
  1391158 
  -307585 
 -3227704 
 -2213776 
  2506788 
  4131093 
   220602 
 -3396954 
 -2032342 
   875343 
  1181039 
   424510 
  1157173 
   923016 
 -1945132 
 -3429013 
    86136 
  4083552 
  2625674 
 -2115556 
 -3267534 
  -395501 
  1391508 
   677654 
   662728 
  1391424 
  -327422 
 -3236978 
 -2191918 
  2533953 
  4120693 
   190177 
 -3404630 
 -2012616 
   886323 
  1175876 
   424332 
  1162781 
   912438 
 -1964871 
 -3422243 
   116520 
  4094601 
  2598993 
 -2138148 
 -3258794 
  -375569 
  1391599 
   673192 
   666969 
  1391550 
  -347252 
 -3246025 
 -2169754 
  2560942 
  4110026 
   159755 
 -3412153 
 -1992894 
   897157 
  1170473 
   424219 
  1168219 
   901636 
 -1984629 
