32752
12762
18222
19547
-4299
8843
-8365
-17433
-4924
-27130
-14229
-11409
-22988
1409
-9014
-3268
13145
-4410
13471
9569
-2016
16002
-3766
1061
8272
-10916
8500
761
-3498
15984
-2186
9887
13192
-4353
13259
-3619
-8780
1236
-23148
-11152
-14542
-26961
-4811
-17642
-7980
8733
-4257
19858
17954
13010
32747
12520
18488
19230
-4332
8946
-8749
-17218
-5045
-27291
-13918
-11669
-22820
1573
-9244
-2914
13023
-4457
13743
9250
-1838
16012
-4028
1361
8037
-10907
8721
463
-3224
15956
-2349
10203
12909
-4288
13364
-3968
-8543
1055
-23300
-10899
-14858
-26783
-4707
-17847
-7593
8615
-4205
20162
17686
13264
32733
12286
18754
18907
-4356
9041
-9130
-16998
-5176
-27443
-13610
-11933
-22642
1729
-9470
-2557
12893
-4496
14011
8929
-1653
16012
-4284
1661
7797
-10888
8935
165
-2945
15918
-2505
10516
12621
-4214
13460
-4313
-8301
866
-23442
-10650
-15175
-26597
-4612
-18046
-7204
8490
-4144
20461
17418
13524
32709
12058
19018
18579
-4372
9129
-9509
-16774
-5314
-27587
-13306
-12200
-22456
1876
-9692
-2199
12756
-4526
14273
8607
-1461
16003
-4534
1961
7550
-10860
9142
-131
-2660
15872
-2652
10827
12329
-4131
13548
-4655
-8057
668
-23575
-10406
-15495
-26404
-4526
-18238
-6815
8358
-4074
20752
17149
13790
32675
11837
19280
18245
-4378
9208
-9885
-16545
-5461
-27722
-13004
-12470
-22262
2013
-9908
-1838
12610
-4547
14529
8283
-1263
15985
-4776
2261
7297
-10822
9342
-425
-2370
15817
-2792
11134
12032
-4040
13628
-4993
-7809
462
-23699
-10166
-15816
-26202
-4448
-18425
-6424
8220
-3995
21037
16881
14061
32632
11623
19541
17905
-4375
9280
-10259
-16311
-5617
-27848
-12707
-12743
-22059
2142
-10120
-1476
12457
-4559
14778
7959
-1057
15957
-5012
2560
7038
-10775
9535
-718
-2075
15752
-2923
11439
11731
-3941
13698
-5327
-7559
248
-23814
-9932
-16139
-25992
-4380
-18606
-6033
8074
-3907
21314
16613
14338
32579
11417
19799
17561
-4363
9343
-10629
-16074
-5781
-27965
-12413
-13018
-21848
2262
-10327
-1113
12296
-4562
15022
7635
-845
15920
-5241
2859
6774
-10719
9719
-1008
-1775
15679
-3046
11741
11427
-3833
13760
-5657
-7306
26
-23920
-9702
-16463
-25775
-4320
-18780
-5642
7923
-3809
21585
16347
14621
32517
11218
20055
17213
-4343
9398
-10995
-15833
-5953
-28072
-12124
-13296
-21630
2373
-10528
-748
12128
-4556
15259
7310
-627
15873
-5463
3156
6504
-10654
9897
-1296
-1471
15597
-3161
12038
11119
-3717
13812
-5982
-7051
-204
-24016
-9477
-16787
-25551
-4270
-18948
-5251
7765
-3703
21848
16081
14908
32446
11026
20308
16859
-4313
9445
-11358
-15589
-6132
-28171
-11839
-13575
-21403
2475
-10723
-383
11952
-4540
15489
6986
-403
15818
-5678
3452
6229
-10579
10066
-1582
-1162
15506
-3268
12332
10807
-3593
13856
-6303
-6794
-441
-24104
-9258
-17112
-25320
-4228
-19108
-4860
7601
-3587
22103
15816
15200
32365
10843
20558
16502
-4276
9483
-11717
-15342
-6320
-28261
-11558
-13856
-21169
2568
-10913
-16
11770
-4516
15712
6662
-173
15753
-5885
3747
5950
-10496
10227
-1864
-850
15406
-3366
12622
10493
-3461
13890
-6619
-6536
-686
-24181
-9045
-17437
-25081
-4196
-19262
-4469
7431
-3462
22350
15553
15497
32275
10667
20805
16140
-4229
9512
-12072
-15091
-6516
-28341
-11282
-14138
-20927
2651
-11097
350
11581
-4482
15928
6338
63
15679
-6084
4039
5665
-10403
10380
-2144
-534
15298
-3455
12908
10175
-3321
13915
-6930
-6275
-938
-24250
-8838
-17763
-24836
-4172
-19408
-4079
7255
-3328
22590
15292
15798
32175
10499
21049
15775
-4175
9533
-12422
-14838
-6719
-28411
-11012
-14421
-20677
2725
-11275
716
11385
-4440
16137
6016
304
15596
-6275
4330
5377
-10301
10525
-2420
-214
15181
-3536
13189
9855
-3174
13931
-7235
-6014
-1197
-24309
-8637
-18088
-24584
-4158
-19547
-3691
7075
-3185
22822
15033
16103
32067
10340
21288
15406
-4111
9545
-12767
-14582
-6930
-28473
-10747
-14705
-20421
2790
-11446
1082
11183
-4388
16339
5694
550
15503
-6459
4618
5084
-10190
10662
-2692
109
15056
-3608
13465
9533
-3019
13938
-7535
-5752
-1463
-24358
-8442
-18412
-24325
-4152
-19679
-3303
6889
-3033
23045
14776
16412
31949
10188
21524
15034
-4040
9548
-13108
-14324
-7148
-28525
-10487
-14990
-20158
2846
-11610
1448
10975
-4328
16533
5374
801
15402
-6634
4903
4787
-10071
10790
-2960
435
14923
-3671
13736
9209
-2856
13935
-7830
-5489
-1735
-24398
-8253
-18736
-24060
-4156
-19803
-2917
6698
-2872
23260
14522
16725
31823
10045
21756
14659
-3961
9542
-13443
-14064
-7374
-28567
-10233
-15275
-19887
2893
-11768
1812
10760
-4258
16719
5056
1058
15292
-6801
5186
4487
-9943
10909
-3224
763
14782
-3725
14001
8883
-2687
13923
-8118
-5226
-2015
-24429
-8072
-19058
-23790
-4168
-19919
-2534
6502
-2702
23467
14271
17041
31687
9910
21983
14281
-3874
9527
-13773
-13803
-7606
-28600
-9984
-15560
-19610
2930
-11919
2176
10540
-4179
16897
4740
1318
15173
-6960
5465
4183
-9806
11020
-3484
1094
14632
-3771
14261
8556
-2510
13902
-8400
-4963
-2300
-24450
-7897
-19379
-23513
-4189
-20027
-2152
6302
-2524
23665
14022
17360
31543
9784
22205
13901
-3779
9503
-14098
-13540
-7845
-28623
-9742
-15845
-19327
2958
-12063
2539
10315
-4092
17068
4426
1583
15044
-7111
5741
3875
-9661
11122
-3739
1427
14475
-3807
14516
8228
-2327
13871
-8675
-4700
-2592
-24462
-7729
-19699
-23231
-4219
-20126
-1772
6097
-2336
23855
13778
17682
31390
9667
22423
13518
-3676
9470
-14416
-13276
-8091
-28637
-9506
-16129
-19037
2977
-12199
2899
10084
-3995
17230
4114
1852
14908
-7252
6013
3565
-9507
11215
-3989
1762
14310
-3834
14764
7898
-2137
13830
-8944
-4438
-2889
-24465
-7568
-20017
-22944
-4258
-20218
-1396
5889
-2141
24035
13536
18007
31229
9558
22635
13134
-3566
9428
-14729
-13012
-8343
-28641
-9277
-16412
-18741
2987
-12328
3258
9847
-3890
17383
3806
2125
14762
-7386
6282
3253
-9346
11300
-4234
2099
14138
-3852
15007
7568
-1940
13780
-9207
-4176
-3193
-24458
-7415
-20332
-22651
-4305
-20301
-1022
5677
-1937
24207
13299
18334
31059
9458
22842
12748
-3448
9377
-15035
-12746
-8602
-28635
-9055
-16695
-18440
2988
-12449
3615
9606
-3776
17529
3500
2402
14608
-7510
6546
2937
-9176
11375
-4474
2437
13958
-3861
15243
7238
-1737
13721
-9462
-3915
-3502
-24441
-7269
-20645
-22354
-4361
-20376
-651
5461
-1724
24370
13066
18663
30882
9366
23043
12360
-3324
9316
-15335
-12481
-8867
-28620
-8839
-16976
-18133
2979
-12563
3969
9361
-3654
17665
3198
2681
14446
-7625
6805
2620
-8998
11441
-4708
2777
13772
-3861
15472
6907
-1528
13653
-9710
-3655
-3816
-24416
-7131
-20955
-22052
-4426
-20442
-284
5242
-1503
24524
12837
18994
30696
9284
23239
11971
-3192
9247
-15628
-12215
-9138
-28596
-8630
-17255
-17820
2962
-12668
4321
9111
-3523
17794
2899
2964
14275
-7732
7061
2301
-8812
11499
-4937
3117
13578
-3851
15695
6576
-1313
13575
-9951
-3397
-4135
-24381
-7001
-21263
-21745
-4499
-20499
80
5020
-1274
24668
12612
19326
30502
9210
23428
11582
-3054
9168
-15914
-11949
-9414
-28562
-8428
-17533
-17502
2935
-12766
4670
8856
-3383
17913
2603
3250
14096
-7829
7311
1980
-8619
11547
-5159
3458
13377
-3833
15911
6246
-1092
13487
-10185
-3141
-4459
-24338
-6879
-21567
-21434
-4580
-20547
439
4795
-1038
24803
12393
19660
30300
9145
23611
11192
-2909
9079
-16193
-11684
-9696
-28518
-8234
-17808
-17180
2900
-12855
5015
8598
-3235
18023
2312
3538
13909
-7918
7556
1658
-8419
11586
-5376
3799
13170
-3805
16119
5917
-866
13391
-10411
-2887
-4788
-24285
-6764
-21868
-21120
-4670
-20586
795
4568
-793
24930
12178
19995
30091
9089
23788
10801
-2757
8982
-16465
-11420
-9983
-28466
-8048
-18082
-16852
2856
-12936
5357
8336
-3079
18125
2025
3828
13715
-7997
7796
1334
-8211
11616
-5585
4140
12956
-3768
16321
5589
-635
13285
-10629
-2635
-5121
-24223
-6658
-22165
-20801
-4767
-20617
1146
4338
-540
25046
11969
20330
29874
9043
23958
10411
-2600
8876
-16730
-11157
-10276
-28403
-7868
-18352
-16520
2803
-13009
5696
8071
-2915
18217
1743
4121
13512
-8067
8030
1010
-7995
11637
-5789
4481
12736
-3722
16515
5261
-398
13169
-10839
-2386
-5458
-24152
-6560
-22458
-20480
-4873
-20638
1492
4107
-280
25154
11765
20666
29650
9005
24121
10021
-2436
8760
-16987
-10895
-10573
-28332
-7697
-18620
-16184
2741
-13073
6030
7802
-2742
18300
1465
4415
13302
-8128
8259
685
-7773
11648
-5985
4821
12510
-3667
16701
4936
-157
13045
-11041
-2139
-5799
-24072
-6471
-22747
-20155
-4987
-20650
1834
3874
-13
25252
11567
21003
29419
8976
24277
9631
-2266
8635
-17236
-10635
-10875
-28251
-7534
-18884
-15844
2671
-13129
6361
7531
-2562
18374
1192
4711
13084
-8180
8482
360
-7544
11651
-6175
5161
12279
-3603
16879
4612
89
12912
-11235
-1896
-6144
-23984
-6390
-23031
-19827
-5108
-20653
2170
3639
262
25340
11374
21339
29182
8956
24426
9242
-2091
8501
-17478
-10377
-11181
-28161
-7378
-19145
-15501
2593
-13176
6686
7257
-2374
18439
925
5008
12859
-8222
8698
35
-7309
11644
-6357
5499
12041
-3530
17050
4290
339
12770
-11421
-1656
-6492
-23887
-6317
-23311
-19497
-5237
-20646
2501
3403
543
25419
11188
21675
28937
8945
24568
8854
-1910
8358
-17711
-10120
-11491
-28062
-7231
-19403
-15153
2506
-13214
7008
6980
-2179
18494
663
5306
12627
-8255
8908
-290
-7067
11628
-6533
5837
11798
-3448
17212
3970
594
12618
-11599
-1419
-6843
-23782
-6254
-23585
-19164
-5373
-20630
2827
3166
832
25489
11008
22010
28686
8943
24702
8467
-1725
8206
-17937
-9866
-11806
-27954
-7092
-19656
-14803
2411
-13243
7324
6702
-1976
18540
406
5605
12389
-8279
9112
-614
-6819
11603
-6700
6172
11550
-3357
17366
3653
852
12458
-11767
-1187
-7197
-23668
-6199
-23855
-18829
-5517
-20605
3147
2928
1127
25549
10834
22345
28429
8950
24828
8082
-1534
8046
-18154
-9615
-12123
-27837
-6962
-19905
-14450
2308
-13263
7635
6421
-1765
18577
155
5904
12143
-8293
9309
-938
-6565
11569
-6860
6506
11298
-3257
17512
3339
1114
12289
-11928
-958
-7554
-23546
-6152
-24119
-18492
-5668
-20570
3461
2691
1429
25600
10667
22678
28165
8965
24946
7699
-1338
7876
-18362
-9366
-12445
-27711
-6840
-20150
-14093
2196
-13275
7941
6139
-1548
18604
-90
6204
11891
-8298
9499
-1260
-6305
11526
-7013
6838
11040
-3148
17650
3028
1380
12112
-12079
-734
-7913
-23416
-6115
-24378
-18154
-5825
-20526
3769
2453
1737
25641
10507
23010
27896
8990
25057
7318
-1138
7698
-18562
-9121
-12769
-27576
-6726
-20391
-13735
2077
-13277
8241
5856
-1324
18622
-328
6503
11632
-8294
9682
-1581
-6040
11474
-7157
7168
10778
-3031
17778
2720
1648
11926
-12222
-514
-8275
-23278
-6086
-24630
-17814
-5990
-20472
4070
2215
2051
25673
10354
23340
27621
9023
25159
6939
-934
7510
-18753
-8879
-13097
-27433
-6622
-20626
-13374
1951
-13270
8536
5571
-1092
18631
-560
6802
11368
-8280
9857
-1901
-5769
11413
-7293
7494
10512
-2905
17898
2415
1920
11732
-12356
-299
-8638
-23133
-6067
-24877
-17473
-6161
-20409
4365
1977
2371
25695
10208
23669
27341
9066
25253
6563
-726
7315
-18936
-8641
-13427
-27281
-6525
-20856
-13012
1817
-13254
8824
5286
-855
18630
-786
7100
11097
-8257
10026
-2218
-5494
11343
-7422
7818
10241
-2771
18010
2115
2194
11529
-12481
-89
-9002
-22979
-6056
-25117
-17132
-6339
-20337
4653
1741
2697
25708
10069
23995
27055
9116
25339
6190
-514
7111
-19110
-8406
-13759
-27121
-6438
-21081
-12647
1675
-13229
9107
5000
-611
18619
-1004
7397
10821
-8225
10186
-2534
-5213
11264
-7541
8139
9967
-2628
18112
1818
2471
11319
-12597
115
-9368
-22818
-6054
-25351
-16789
-6523
-20255
4934
1505
3028
25711
9937
24318
26765
9176
25416
5820
-298
6898
-19275
-8176
-14094
-26953
-6360
-21301
-12282
1526
-13194
9382
4714
-360
18599
-1216
7694
10539
-8184
10339
-2847
-4928
11176
-7653
8456
9690
-2477
18205
1526
2749
11100
-12704
315
-9735
-22650
-6062
-25578
-16447
-6712
-20163
5209
1270
3365
25705
9814
24639
26470
9243
25484
5453
-79
6677
-19430
-7950
-14431
-26777
-6290
-21514
-11915
1370
-13151
9652
4428
-104
18570
-1421
7988
10252
-8134
10485
-3158
-4638
11080
-7756
8770
9409
-2318
18290
1238
3030
10874
-12802
508
-10103
-22475
-6078
-25799
-16105
-6908
-20063
5475
1037
3706
25690
9698
24957
26170
9320
25543
5090
143
6448
-19577
-7728
-14769
-26593
-6229
-21722
-11547
1208
-13098
9914
4142
158
18531
-1618
8281
9960
-8074
10622
-3465
-4344
10976
-7850
9080
9125
-2151
18365
955
3312
10640
-12891
696
-10471
-22292
-6103
-26012
-15763
-7110
-19952
5735
806
4053
25666
9589
25272
25866
9404
25594
4731
367
6212
-19714
-7511
-15108
-26401
-6177
-21924
-11179
1039
-13036
10170
3857
426
18483
-1808
8573
9663
-8006
10751
-3770
-4047
10862
-7935
9385
8838
-1976
18431
677
3595
10398
-12971
877
-10840
-22103
-6138
-26218
-15422
-7317
-19833
5987
576
4404
25633
9489
25583
25559
9497
25636
4376
595
5967
-19843
-7300
-15449
-26202
-6135
-22119
-10810
863
-12965
10418
3573
699
18426
-1990
8861
9361
-7929
10872
-4071
-3745
10741
-8012
9687
8549
-1793
18487
405
3880
10149
-13041
1052
-11208
-21908
-6181
-26417
-15081
-7529
-19704
6231
349
4759
25590
9397
25891
25247
9598
25668
4025
824
5714
-19961
-7093
-15790
-25995
-6101
-22307
-10442
681
-12884
10659
3289
978
18359
-2164
9148
9055
-7843
10984
-4368
-3441
10611
-8080
9983
8258
-1603
18535
137
4165
9893
-13103
1221
-11577
-21706
-6234
-26608
-14742
-7746
-19566
6467
125
5119
25539
9313
26194
24932
9707
25692
3679
1056
5454
-20071
-6892
-16132
-25782
-6076
-22489
-10074
493
-12795
10892
3007
1261
18283
-2331
9431
8745
-7748
11088
-4662
-3133
10473
-8138
10275
7965
-1405
18573
-125
4451
9630
-13155
1383
-11944
-21498
-6295
-26792
-14404
-7968
-19418
6695
-97
5482
25479
9238
26494
24614
9823
25706
3338
1289
5187
-20171
-6697
-16475
-25561
-6061
-22664
-9706
299
-12696
11118
2727
1549
18198
-2490
9712
8431
-7644
11184
-4951
-2822
10328
-8188
10562
7670
-1199
18601
-380
4737
9361
-13197
1538
-12311
-21283
-6365
-26967
-14067
-8194
-19262
6915
-315
5849
25410
9171
26788
24293
9948
25711
3002
1524
4912
-20262
-6508
-16817
-25333
-6054
-22831
-9339
99
-12588
11336
2448
1842
18104
-2640
9989
8113
-7532
11271
-5236
-2509
10174
-8228
10843
7374
-987
18620
-630
5023
9084
-13231
1687
-12676
-21064
-6445
-27135
-13733
-8425
-19096
7127
-531
6220
25332
9112
27078
23969
10080
25707
2671
1759
4630
-20343
-6324
-17159
-25098
-6056
-22992
-8973
-106
-12472
11546
2172
2139
18001
-2782
10263
7792
-7412
11349
-5516
-2193
10013
-8260
11119
7076
-768
18630
-874
5309
8802
-13255
1828
-13041
-20838
-6533
-27294
-13400
-8660
-18922
7331
-743
6593
25246
9062
27364
23642
10219
25693
2345
1996
4342
-20415
-6147
-17500
-24857
-6068
-23145
-8609
-316
-12346
11748
1898
2440
17889
-2916
10533
7468
-7283
11418
-5791
-1875
9844
-8282
11389
6778
-542
18630
-1111
5594
8513
-13271
1961
-13403
-20607
-6630
-27445
-13070
-8898
-18738
7526
-951
6969
25151
9020
27643
23314
10366
25670
2026
2234
4046
-20477
-5976
-17841
-24610
-6088
-23290
-8246
-531
-12211
11941
1627
2744
17768
-3041
10799
7141
-7146
11478
-6061
-1556
9667
-8294
11653
6479
-309
18621
-1342
5879
8218
-13277
2087
-13764
-20372
-6735
-27587
-12743
-9141
-18546
7712
-1154
7348
25048
8988
27918
22983
10520
25638
1712
2472
3744
-20530
-5812
-18181
-24357
-6117
-23427
-7884
-751
-12068
12127
1358
3053
17639
-3157
11061
6812
-7001
11530
-6326
-1234
9484
-8298
11911
6180
-70
18603
-1566
6162
7917
-13274
2206
-14122
-20131
-6849
-27721
-12419
-9386
-18346
7890
-1354
7730
24937
8964
28187
22651
10680
25596
1404
2710
3436
-20573
-5655
-18519
-24098
-6156
-23556
-7525
-976
-11915
12303
1093
3364
17501
-3265
11318
6480
-6848
11572
-6586
-912
9293
-8292
12163
5880
175
18575
-1782
6444
7611
-13262
2316
-14478
-19886
-6972
-27846
-12098
-9635
-18136
8059
-1549
8113
24818
8949
28449
22318
10848
25545
1103
2948
3122
-20607
-5505
-18856
-23833
-6203
-23678
-7169
-1205
-11754
12471
831
3679
17354
-3364
11570
6146
-6687
11605
-6839
-588
9096
-8277
12408
5581
426
18537
-1992
6724
7299
-13241
2419
-14831
-19636
-7103
-27963
-11780
-9887
-17919
8219
-1740
8498
24691
8943
28706
21983
11022
25484
808
3185
2801
-20632
-5362
-19190
-23563
-6258
-23791
-6815
-1438
-11585
12631
573
3996
17200
-3455
11818
5810
-6519
11630
-7087
-264
8892
-8253
12646
5282
683
18490
-2195
7003
6982
-13211
2513
-15181
-19382
-7243
-28070
-11466
-10141
-17693
8370
-1925
8885
24557
8945
28957
21648
11203
25413
520
3422
2475
-20647
-5226
-19523
-23288
-6323
-23895
-6464
-1675
-11407
12781
319
4316
17036
-3536
12060
5472
-6343
11645
-7328
61
8681
-8219
12878
4984
946
18434
-2389
7279
6661
-13172
2599
-15528
-19125
-7391
-28168
-11156
-10397
-17459
8512
-2105
9273
24414
8957
29201
21312
11390
25334
239
3658
2144
-20653
-5098
-19853
-23008
-6396
-23992
-6116
-1915
-11220
12923
69
4638
16865
-3608
12297
5134
-6160
11651
-7563
386
8464
-8176
13102
4687
1214
18368
-2577
7553
6334
-13125
2677
-15872
-18863
-7547
-28258
-10850
-10656
-17217
8645
-2280
9662
24265
8978
29438
20976
11582
25244
-35
3892
1807
-20649
-4977
-20181
-22724
-6478
-24079
-5772
-2159
-11025
13055
-176
4962
16686
-3672
12529
4794
-5970
11648
-7791
711
8241
-8124
13319
4392
1487
18294
-2756
7824
6004
-13068
2747
-16211
-18598
-7711
-28338
-10549
-10916
-16967
8769
-2449
10052
24108
9007
29669
20639
11781
25145
-301
4125
1465
-20637
-4864
-20506
-22434
-6568
-24158
-5431
-2405
-10822
13179
-417
5288
16499
-3726
12754
4454
-5773
11635
-8013
1036
8012
-8062
13528
4098
1765
18210
-2928
8092
5669
-13004
2808
-16547
-18331
-7882
-28409
-10252
-11178
-16709
8884
-2612
10442
23944
9046
29892
20303
11985
25037
-561
4357
1118
-20615
-4759
-20827
-22141
-6666
-24228
-5094
-2655
-10612
13293
-654
5615
16305
-3771
12974
4113
-5569
11614
-8227
1360
7777
-7991
13730
3805
2048
18117
-3092
8357
5330
-12930
2860
-16879
-18060
-8062
-28470
-9960
-11441
-16444
8990
-2770
10833
23774
9093
30108
19968
12195
24920
-813
4586
766
-20584
-4662
-21145
-21844
-6773
-24289
-4761
-2907
-10393
13399
-885
5943
16103
-3807
13187
3772
-5358
11583
-8435
1683
7537
-7911
13925
3515
2335
18015
-3247
8619
4988
-12848
2903
-17206
-17787
-8249
-28522
-9673
-11706
-16171
9087
-2921
11223
23597
9150
30317
19633
12410
24793
-1057
4813
411
-20544
-4573
-21459
-21543
-6888
-24341
-4433
-3161
-10166
13495
-1110
6273
15894
-3834
13394
3430
-5142
11543
-8635
2006
7291
-7822
14111
3227
2627
17904
-3394
8877
4642
-12758
2938
-17528
-17511
-8444
-28565
-9392
-11971
-15891
9174
-3065
11613
23413
9215
30518
19299
12630
24657
-1293
5038
51
-20495
-4493
-21770
-21238
-7011
-24384
-4109
-3418
-9932
13581
-1331
6603
15677
-3852
13594
3090
-4919
11494
-8828
2326
7040
-7724
14289
2941
2922
17784
-3533
9131
4293
-12660
2964
-17845
-17233
-8646
-28598
-9116
-12236
-15605
9252
-3203
12003
23223
9290
30711
18967
12855
24512
-1521
5260
-313
-20437
-4421
-22076
-20931
-7142
-24418
-3790
-3676
-9691
13658
-1545
6933
15454
-3861
13787
2750
-4690
11436
-9013
2646
6785
-7616
14459
2659
3222
17655
-3664
9381
3941
-12554
2980
-18157
-16953
-8856
-28622
-8846
-12502
-15311
9321
-3334
12391
23027
9373
30896
18636
13084
24357
-1741
5478
-681
-20370
-4357
-22378
-20620
-7281
-24443
-3477
-3936
-9442
13726
-1754
7264
15224
-3860
13973
2410
-4455
11369
-9190
2963
6525
-7500
14621
2379
3524
17517
-3786
9626
3586
-12440
2988
-18464
-16672
-9072
-28636
-8581
-12767
-15011
9381
-3458
12779
22826
9465
31073
18307
13318
24194
-1953
5694
-1052
-20295
-4301
-22675
-20307
-7427
-24459
-3168
-4197
-9186
13785
-1956
7594
14988
-3851
14152
2072
-4215
11293
-9359
3278
6260
-7375
14774
2103
3830
17371
-3899
9867
3229
-12318
2987
-18765
-16390
-9295
-28641
-8323
-13033
-14704
9432
-3575
13165
22618
9566
31242
17981
13556
24021
-2157
5906
-1426
-20211
-4255
-22967
-19991
-7581
-24465
-2865
-4459
-8923
13834
-2152
7925
14745
-3832
14324
1736
-3969
11208
-9520
3590
5992
-7241
14919
1831
4139
17217
-4003
10102
2870
-12188
2976
-19060
-16106
-9525
-28636
-8071
-13297
-14391
9473
-3685
13549
22405
9676
31403
17656
13797
23840
-2352
6114
-1803
-20119
-4217
-23254
-19673
-7742
-24462
-2568
-4721
-8653
13873
-2342
8254
14496
-3804
14488
1401
-3719
11114
-9673
3900
5719
-7099
15055
1562
4451
17054
-4099
10333
2510
-12051
2956
-19350
-15822
-9761
-28621
-7826
-13561
-14072
9506
-3787
13931
22188
9794
31555
17334
14042
23650
-2538
6318
-2182
-20018
-4187
-23536
-19354
-7910
-24449
-2277
-4984
-8377
13904
-2525
8582
14241
-3767
14645
1068
-3463
11011
-9817
4207
5443
-6948
15182
1297
4765
16883
-4186
10558
2147
-11907
2928
-19633
-15537
-10004
-28597
-7587
-13824
-13747
9529
-3881
14311
21965
9921
31698
17015
14291
23451
-2716
6518
-2564
-19910
-4167
-23812
-19032
-8086
-24427
-1992
-5247
-8095
13924
-2701
8910
13980
-3721
14793
737
-3203
10900
-9953
4511
5163
-6788
15301
1037
5082
16705
-4264
10778
1783
-11756
2889
-19909
-15252
-10253
-28564
-7355
-14085
-13417
9543
-3968
14689
21737
10056
31833
16700
14542
23243
-2885
6713
-2948
-19793
-4155
-24082
-18710
-8268
-24396
-1713
-5510
-7806
13936
-2870
9235
13714
-3666
14934
408
-2939
10780
-10081
4811
4881
-6621
15411
781
5400
16518
-4333
10992
1419
-11597
2842
-20179
-14967
-10507
-28521
-7131
-14345
-13081
9548
-4046
15064
21505
10200
31959
16387
14796
23028
-3045
6904
-3334
-19669
-4152
-24346
-18386
-8457
-24355
-1441
-5773
-7512
13938
-3031
9559
13443
-3603
15067
83
-2670
10651
-10200
5107
4595
-6444
15511
530
5720
16323
-4393
11199
1053
-11432
2786
-20442
-14682
-10768
-28468
-6913
-14603
-12740
9544
-4117
15436
21269
10352
32076
16079
15053
22804
-3197
7089
-3722
-19537
-4159
-24604
-18062
-8652
-24304
-1176
-6035
-7211
13930
-3186
9881
13166
-3530
15191
-240
-2398
10514
-10309
5400
4307
-6260
15603
284
6042
16121
-4444
11401
687
-11261
2720
-20698
-14398
-11033
-28406
-6703
-14858
-12394
9532
-4179
15804
21029
10512
32184
15774
15313
22571
-3339
7270
-4110
-19397
-4174
-24855
-17737
-8854
-24245
-917
-6296
-6905
13914
-3333
10201
12885
-3448
15307
-559
-2121
10368
-10411
5688
4016
-6068
15685
44
6364
15911
-4485
11596
321
-11083
2645
-20946
-14115
-11304
-28335
-6500
-15111
-12044
9510
-4233
16169
20786
10681
32282
15473
15574
22331
-3472
7445
-4500
-19250
-4198
-25100
-17411
-9062
-24175
-666
-6556
-6594
13888
-3472
10518
12599
-3358
15414
-875
-1842
10215
-10503
5972
3723
-5868
15759
-192
6688
15695
-4518
11785
-46
-10898
2561
-21188
-13833
-11580
-28254
-6305
-15361
-11689
9480
-4279
16530
20538
10857
32372
15177
15837
22083
-3596
7614
-4891
-19096
-4231
-25338
-17086
-9276
-24097
-422
-6815
-6278
13853
-3603
10832
12309
-3260
15513
-1187
-1559
10053
-10586
6251
3429
-5661
15823
-421
7012
15471
-4542
11967
-412
-10708
2467
-21421
-13552
-11861
-28164
-6118
-15609
-11329
9441
-4316
16888
20288
11041
32452
14885
16102
21827
-3712
7778
-5282
-18934
-4273
-25569
-16761
-9495
-24009
-185
-7072
-5956
13809
-3727
11143
12015
-3152
15604
-1495
-1273
9883
-10659
6526
3132
-5446
15878
-645
7336
15240
-4556
12141
-777
-10512
2365
-21647
-13273
-12147
-28064
-5938
-15853
-10966
9394
-4345
17241
20034
11233
32523
14598
16368
21563
-3818
7935
-5673
-18766
-4325
-25793
-16437
-9720
-23912
44
-7326
-5631
13755
-3842
11451
11717
-3037
15685
-1799
-985
9705
-10724
6795
2835
-5223
15923
-863
7661
15002
-4562
12309
-1142
-10310
2253
-21866
-12996
-12437
-27956
-5767
-16093
-10599
9338
-4364
17589
19778
11433
32584
14316
16635
21292
-3914
8086
-6065
-18592
-4385
-26009
-16113
-9950
-23805
265
-7579
-5300
13693
-3949
11756
11415
-2913
15758
-2098
-694
9519
-10779
7059
2536
-4994
15959
-1074
7985
14759
-4558
12469
-1505
-10103
2132
-22076
-12721
-12731
-27838
-5604
-16330
-10229
9274
-4375
17933
19520
11640
32636
14039
16903
21014
-4002
8231
-6455
-18411
-4454
-26218
-15791
-10185
-23690
478
-7829
-4966
13622
-4048
12056
11110
-2781
15821
-2393
-402
9326
-10826
7317
2237
-4757
15986
-1279
8309
14508
-4546
12622
-1867
-9891
2003
-22278
-12449
-13028
-27711
-5449
-16563
-9855
9202
-4377
18272
19259
11854
32678
13768
17171
20729
-4080
8369
-6846
-18223
-4532
-26419
-15469
-10426
-23565
684
-8076
-4627
13542
-4138
12352
10802
-2640
15876
-2683
-107
9126
-10862
7570
1937
-4514
16004
-1477
8632
14252
-4524
12767
-2228
-9674
1864
-22471
-12179
-13330
-27576
-5303
-16792
-9479
9122
-4371
18605
18997
12076
32711
13503
17439
20437
-4150
8500
-7235
-18030
-4619
-26612
-15150
-10670
-23431
881
-8321
-4285
13453
-4220
12645
10491
-2492
15922
-2967
189
8918
-10890
7816
1637
-4264
16012
-1668
8955
13990
-4493
12904
-2586
-9452
1717
-22657
-11912
-13635
-27431
-5165
-17016
-9100
9034
-4355
18933
18732
12304
32734
13243
17707
20138
-4210
8625
-7624
-17831
-4715
-26798
-14832
-10919
-23288
1070
-8562
-3940
13356
-4293
12932
10177
-2337
15958
-3246
487
8703
-10908
8056
1337
-4008
16011
-1853
9275
13722
-4454
13033
-2942
-9226
1561
-22833
-11648
-13943
-27278
-5035
-17235
-8718
8938
-4330
19255
18467
12539
32748
12989
17975
19833
-4260
8742
-8011
-17626
-4820
-26975
-14517
-11173
-23136
1251
-8799
-3591
13250
-4358
13215
9862
-2173
15985
-3520
785
8482
-10917
8290
1037
-3745
16001
-2030
9595
13449
-4406
13154
-3296
-8996
1396
-23002
-11388
-14253
-27117
-4915
-17450
-8335
8834
-4296
