29198
-818
8490
25512
-5423
24729
-31682
-996
-20099
-19875
10353
-21965
24138
-6904
22702
15823
-1150
31375
-20278
13382
-21382
-13900
167
-29420
24763
-8023
21102
14148
6923
26464
-22860
19871
-29207
-17536
-4141
-29504
18014
-19521
22154
8289
11190
27015
-22044
19652
-27568
-3110
-11370
-24617
12637
-30245
27705
-735
14299
23026
-13456
28809
-28418
4947
-15246
-22329
8015
-22376
27266
-3546
24904
21328
-6950
28645
-22363
8444
-20244
-13988
6146
-29610
27465
-10465
23490
14677
-1108
27180
-20222
15669
-21387
-11815
-4412
-27792
19531
-16594
21758
9707
2067
29797
-19274
16507
-20924
-9547
-9451
-25511
17997
-20277
25210
-2981
10726
26922
-12579
22803
-27677
3703
-14644
-22724
5944
-26793
25871
-7508
18528
25522
-4143
22956
-22997
2726
-17132
-15138
6228
-29759
25427
-11053
20696
16983
-265
27803
-22913
14323
-22434
-10141
-6796
-29011
29433
-16363
22323
8477
9999
26601
-19107
20672
-19800
-8989
-7246
-25906
17411
-21001
27266
7296
8899
28057
-15607
25677
-31355
2252
-13733
-25949
14494
-28013
30899
-3779
17498
20748
-6437
27460
-28499
4382
-17890
-16311
241
-31189
28448
-14130
19403
17701
-2743
28983
-23008
16037
-18409
-14778
154
-32068
24372
-14101
24790
12411
4782
32512
-18161
14554
-27415
-9294
-3875
-26609
17387
-22715
28370
3110
5784
25863
-18896
25215
-28300
-1626
-12466
-28587
13210
-20407
27224
-4541
18690
26475
-9064
24382
-27381
1157
-19581
-25897
8289
-31971
23417
-9652
22003
18670
1118
30442
-22510
10889
-21626
-16950
2727
-28426
20514
-19513
21919
12535
4676
31544
-21899
19509
-28016
-8304
-5640
-25975
18606
-18499
26522
7608
10669
25616
-16119
22705
-23009
-4081
-7532
-24908
13258
-18236
32752
844
15291
20787
-6763
31340
-20864
2040
-19277
-16023
3239
-27234
30192
-10225
18640
23755
-7076
26635
-25158
10813
-16183
-12142
4693
-28188
25282
-10178
24491
12408
3204
28386
-20390
17632
-21740
-11247
-2349
-28495
19044
-19366
25786
5356
10242
26276
-16728
23859
-29981
-4309
-10086
-26984
12420
-20832
27846
-2226
13800
21198
-15055
29525
-25498
2159
-14727
-22796
17015
-27347
30999
-2286
19133
18984
-3566
26499
-26958
5602
-20756
-19621
4223
-27594
23237
-10841
21159
16226
-986
20560
-20749
14527
-24348
-11857
-4483
-26686
25406
-12698
27471
9957
9085
26407
-15855
22530
-24828
-4376
-10046
-28364
18172
-24841
28818
853
10626
25964
-10506
30887
-23379
408
-19362
-24807
6259
-27431
29889
-9122
20945
22092
-5511
27361
-25952
8018
-18349
-19605
5070
-26663
24807
-11283
26703
22057
-4918
25987
-24674
15009
-20201
-8108
-3106
-27478
21358
-13025
20009
9364
3864
26489
-24194
18909
-23994
-7176
-11398
-24782
17143
-20581
26932
-125
12193
27749
-14418
17112
-27406
-2487
-13616
-25268
11420
-29578
28745
-1094
15115
22283
-8949
28276
-22518
5967
-20042
-21731
7901
-25129
27028
-10805
17662
21496
-4878
26092
-26737
19124
-24533
-15015
-1104
-28154
20940
-16473
22326
8264
1218
27442
-21907
16947
-21580
-7622
-7443
-26109
19122
-20468
28372
4794
8897
25041
-12582
23624
-26853
-2551
-8072
-23398
13777
-23900
22412
-3969
12615
23240
-8772
24563
-26632
6741
-17081
-19937
3059
-32895
28518
-3765
23742
18745
-7748
26512
-19904
11587
-20002
-16114
2931
-28143
21128
-13794
23212
12630
1146
28568
-19754
17850
-24569
-16840
-5940
-26217
18796
-13942
26811
9476
10186
27861
-17064
25850
-28635
-6920
-15808
-24504
14849
-24119
28147
-978
13375
27253
-9697
19495
-24699
845
-13117
-20528
9063
-29443
24990
-5438
18541
14091
-4973
26865
-25516
11286
-18222
-17340
2688
-30969
25318
-12726
21621
18876
6270
27133
-26396
16045
-26898
-11241
-3868
-27513
21930
-21851
22054
9024
9698
26302
-17123
21007
-23800
-1495
-9022
-26330
12891
-24762
30011
4000
11810
25060
-16806
24998
-31103
1735
-16822
-24514
13974
-22860
23761
-4323
24821
18555
-8768
28881
-28341
8366
-17273
-26499
7533
-28739
22533
-12848
27413
15551
1398
31040
-22457
13533
-21533
-11998
-449
-28718
24796
-19012
23498
10775
8086
24360
-17025
25333
-22595
-6505
-11129
-27180
20065
-20757
20283
847
13108
24406
-15170
24575
-21171
-2247
-18308
-24183
10213
-26152
24089
-4805
12567
19626
-10177
28687
-30200
8322
-17443
-18498
2950
-23365
22245
-9283
23370
13778
-1880
26577
-24214
14924
-23371
-12077
-6517
-29365
22947
-15526
26543
7405
3948
22149
-19054
19931
-28792
-6314
-6959
-26387
17572
-18093
24906
2879
9010
24715
-14774
25369
-29108
-5213
-12773
-21269
12579
-24843
27511
-4376
12794
19998
-9192
22745
-24010
8497
-18918
-20381
3718
-27706
25358
-9926
18910
16881
-3598
29191
-23121
8976
-25234
-13669
1183
-28699
21334
-17190
26153
13516
-429
24309
-23181
16230
-21915
-6800
-8223
-27082
18028
-15883
24430
8368
5086
24763
-18727
19196
-25517
-787
-12343
-30848
16053
-22469
25764
604
15514
19473
-13256
27106
-24513
-305
-18387
-22332
6726
-23034
28546
-630
18246
15580
-9423
28065
-26036
15951
-25390
-17341
2828
-28795
20660
-8058
20208
14036
2151
28980
-22554
13867
-24416
-12111
-9822
-31847
17048
-19208
27800
3278
9184
28722
-14603
22604
-24283
-4542
-9275
-25075
17078
-25242
26959
-518
11900
28336
-11056
24125
-21826
1733
-19291
-22989
3665
-22560
28554
-10504
19171
21278
-6655
28459
-25537
8988
-25695
-14922
4777
-27381
22637
-15497
25280
15013
-1004
29109
-19550
14767
-28390
-6699
-4345
-30085
22334
-14743
21421
5926
6969
32752
-16674
17512
-26691
-8140
-12156
-26188
15493
-25680
21704
2033
8527
26497
-10609
27096
-24031
4195
-15692
-24845
11617
-20825
17360
-2512
17596
22979
-9828
25880
-29340
5239
-18786
-18706
6259
-28813
26212
-12906
25221
21184
1971
25006
-18654
16999
-19552
-14915
-1394
-30052
17964
-17742
23323
10338
11364
27657
-15906
14004
-28602
-5445
-6703
-25455
14699
-17298
28409
11339
6866
21024
-18383
28154
-25262
946
-14854
-21848
6796
-25950
22172
-2858
13009
25747
-4916
26638
-25520
9928
-20366
-18139
6339
-28626
20998
-13529
20106
19807
-4166
28013
-25902
17492
-20084
-15429
2192
-24460
24230
-17858
30205
12426
5321
23413
-16205
17777
-23517
-10838
-3521
-27304
18074
-27243
24986
-1057
12598
29434
-13569
25818
-25193
-3481
-10676
-25471
10750
-22568
22946
-81
15910
21857
-7412
31731
-22920
3604
-14068
-15600
2850
-31156
28709
-10945
21027
18451
-707
30510
-21611
9934
-21954
-19530
-1646
-28777
26712
-11646
22322
7740
6768
26518
-24923
16720
-26720
-9253
-6384
-29232
21625
-15228
23720
4115
15070
28212
-15702
22101
-27230
995
-14346
-27072
13987
-23206
26083
1698
16600
21785
-10785
24926
-25196
7152
-15832
-23145
7265
-27838
23910
-5462
21862
20346
-365
30127
-20092
9524
-22260
-13942
-596
-31416
20971
-16805
