8869
-2258
8087
14692
-8088
16944
-27784
-2101
-8275
-5274
13106
-11232
15472
7800
17530
7592
-4861
11079
-20098
-1778
-4996
-8708
-1632
-11151
19654
-15626
7865
10044
137
21723
-12170
16237
-12617
-13194
-4224
-18011
19419
-10902
17697
771
6488
10445
-11387
7516
-20323
1397
-3806
-16448
21847
-7347
18941
7568
20189
16252
-10244
11266
-14245
-3457
-10570
-27328
-332
-15405
23253
-9724
3450
14033
-11819
16012
-21139
6702
-20463
-17145
2699
-25170
14442
-6939
16852
6901
-4857
16850
-20224
15355
-8426
-18352
-4264
-22023
20300
-13460
25192
3150
3713
10292
-14624
22101
-13050
1765
-12250
-15779
11367
-17755
14999
6964
18693
20882
-15743
15745
-20211
4838
-13554
-8472
17233
-15006
18928
-1036
16324
5083
3930
25182
-18122
11840
-13820
-18749
1260
-21726
15263
-16095
14610
4738
-1192
11278
-15091
7930
-23086
6216
-5544
-15194
18859
-17202
18157
2518
-5806
11767
-14121
9191
-17023
-5835
-16065
-21819
16955
-11632
16834
-4246
2308
11001
-21575
11761
-12415
-3195
-10046
-28711
6729
-18761
22904
-9650
14451
17066
95
18375
-17696
3450
-26022
-6113
5757
-7038
19061
-14672
20135
12573
625
6342
-12095
17924
-22316
-8686
-9791
-17962
16865
-1575
23292
11504
-1145
19863
-12969
16521
-18517
-14138
6113
-14986
16812
-10912
12793
-1704
4574
17949
-12221
12819
-19407
-3217
-15318
-18153
6739
-17001
15399
8874
6340
21242
-5081
14576
-14727
716
-16666
-10333
-8457
-10033
19886
-7590
9685
17735
-1596
24382
-19236
5250
-16650
-14597
-4116
-24282
5526
-6540
21565
-723
3427
11329
-19860
17031
-17883
-2521
-18779
-18524
23504
-18917
21444
-962
-2726
15883
316
8819
-24998
-10889
-11238
-7221
13662
-12520
23559
-4502
-1092
10249
-15207
11446
-28170
1566
-12965
-15327
2533
-14329
16986
-8759
7364
14710
-10416
15743
-11099
9089
-12801
5622
12500
-22515
19422
-42
26712
3527
7400
12327
-12993
6357
-24197
499
-12158
-4295
4328
-2529
20341
-1198
15695
12792
-8808
21153
-12134
349
-12215
-12516
4587
-17487
15250
8135
17936
7225
-10965
11070
-11836
6308
-18306
-20629
4257
-17821
17925
-6316
16637
10505
6996
22371
-12208
5586
-15572
-19931
3059
-22268
16984
-2867
19639
1703
14680
21124
-19266
9945
-17377
1507
-10122
-10494
9142
-5495
17949
3020
10120
13802
-7660
16802
-12835
8688
-15036
-12237
7114
-11054
20213
-9196
6157
6317
536
29749
-23458
6694
-26429
-11722
9526
-12357
20400
-1904
10128
9207
-1268
14738
-29682
15054
-16039
-5451
1656
-22503
17747
-4497
5713
7779
1543
30603
-16643
10505
-17977
-3663
-6704
-7769
10239
-9759
17480
-1982
11025
18502
-7975
15620
-24053
3339
-18009
-11775
10404
-7044
11512
3577
2930
8934
-425
17635
-20049
708
-17504
-13448
5783
-23452
14603
-2205
8319
9233
-637
11260
-5675
12421
-28789
-9538
9139
-19950
13757
5801
20475
9579
4152
24887
-18894
11514
-21111
8
-88
-25631
19681
-9314
12051
-4605
11244
15697
-14336
15318
-14476
-5868
-6899
-17553
7952
-13859
14295
4466
5536
12268
-10247
18787
-26035
-7120
-12840
-11577
1330
-11313
18906
-526
20206
17615
-9924
15878
-22877
10166
-12560
-11228
4381
-17692
13318
-14399
5431
7244
-8020
20206
-15161
8081
-8102
-9045
-10664
-15295
11408
-20877
5071
2214
12180
19177
-16178
10130
-16358
-412
-2679
-14573
-5371
-12674
8545
6976
15435
20324
-4901
14150
-11616
1710
-12655
-11404
-4278
-23928
23876
-453
11453
11921
-1886
9620
-9488
12887
-12269
-12799
-913
-15068
8945
-10720
11903
5807
11395
16978
-17454
9378
-14433
-9582
9148
-18015
16968
-15446
17919
3503
5973
22590
-18157
14816
-20979
-6907
-3967
-20676
12402
-9472
16370
-1931
8357
16398
-4716
20943
-18372
-670
-12017
-17734
10172
-16976
14671
-1041
12226
19660
-6271
14325
-11024
3092
-16398
-4447
-4989
-16926
26562
-14683
2622
9310
8925
17460
-2956
1639
-16761
-4736
-1139
-22404
10080
760
28867
977
17131
18800
-19424
16788
-11907
4469
-8209
-25631
6130
-13993
9144
-6799
17021
15873
-2815
11026
-32722
9867
-8736
-11113
1344
-18493
28802
-9332
11470
19480
-2992
25050
-22131
19328
-15888
-10742
3106
-22127
17649
19
17532
12222
4983
22298
-24099
12165
-7451
-1711
-1517
-11290
13029
-9511
22380
4129
-5067
23763
-12939
17871
-24473
-10335
-9715
-7398
16607
-20883
18385
6567
21004
8526
-7142
13245
-3009
8209
-6579
-18330
7993
-8579
20981
-9612
12750
4225
-10903
19840
-17172
1331
-7047
-12346
969
-23398
9102
6363
19322
13113
-2876
16140
-7366
-498
-19374
-4398
-5609
-7401
15961
4663
14464
7713
-151
15359
-13817
22360
-11689
1788
1357
-16984
15589
-26029
14811
9812
3034
17973
29
12072
-19057
3260
-11640
-9273
7119
-21078
21053
-4120
792
16783
898
15099
-14753
12156
-12858
-14551
11009
-23163
22034
-4439
22255
14723
575
12497
-19959
10835
-4673
-7045
7101
-19714
2546
-16909
25332
5373
4158
13577
-17640
13759
-27503
-5735
-1762
-11968
8924
-8493
20790
-5873
11099
8051
-9179
19052
-22182
-5617
-7593
-13698
939
-15565
21339
1962
16560
11186
-4769
16615
-14030
14579
-9736
-9353
8886
-15463
25690
-9784
15491
15060
9160
15981
-19408
7531
-15988
-10018
2987
-18886
20427
-9521
15329
8464
22075
27337
566
11085
-19269
-11758
-9870
-20605
11708
-21478
21658
22
9296
16875
-17031
15537
-8366
-1976
-9331
-18169
6957
-17487
19087
-3987
5614
16482
-12581
25379
-10512
3877
-15214
-13018
13436
-25261
15860
-4748
6939
11294
9727
21184
-11647
13433
-18299
-14615
8798
-23466
21413
-76
6907
4208
8820
23394
-15404
9322
-17652
4067
-12734
-15336
20070
-7783
18913
2086
-535
7969
-15997
14264
-20856
3268
-20180
-8169
15505
-11124
13862
6768
18938
17897
-7893
18862
-18823
-8342
-14083
-9437
16102
-17432
27250
-7339
13013
-1134
-3397
19174
-26693
12832
-26894
-5205
-4090
-26413
16802
-15780
14241
9697
1256
14091
-19778
9603
-23699
-3507
-5631
-20890
13901
-12095
14061
-786
4398
11696
-10293
12310
-12125
-6233
-6203
-6273
11821
-25408
9207
2264
11220
2150
-6820
10233
-15843
-6390
-6628
-8788
3177
-21324
32752
-4129
19339
-8432
-1156
22002
-19300
-746
-22257
-13621
-1129
-16127
15141
-9918
12017
9840
8389
24879
-19213
10194
-21527
-10184
-7016
-16444
20260
-7956
26562
3247
3996
15452
-17424
16577
-24735
-6028
-4941
-21290
1910
-17381
3231
6851
17976
17032
-15324
6626
-30819
5788
-21096
-21233
-1165
-22578
8981
-7484
19407
14758
5959
20284
-25321
6890
-14355
-16613
-8821
-16937
14210
280
14376
22940
-5547
27322
-16501
14419
-27766
-4013
-7212
-20966
9286
-4786
17902
5961
12468
18999
-21602
10722
-9469
-8122
-16446
-11979
18447
-12955
30975
3142
3422
12851
2286
15441
-10024
1306
-7557
-9984
13788
-17955
26712
2531
12040
12801
-8995
9105
-22435
11295
-9482
-1862
9082
-20305
13789
-9120
17882
8835
4395
12688
-13334
9515
-21976
-2969
-4137
-12631
18829
-13047
8743
5307
3393
15532
-23321
13770
-13303
-4319
-7481
-11436
4429
-4402
21962
4367
15224
13130
-4589
18371
-15070
10171
-13695
-5375
10265
-22150
20805
-3539
8491
11709
-2835
26156
-23856
5327
-14913
-10204
2120
-25283
2857
-2489
18140
5702
4450
24178
-13987
9260
-15471
-8869
2932
-17654
7994
-16883
21245
6545
5134
32453
-13256
14477
-21025
3664
-7464
-14937
18652
-20053
20287
1756
14046
14882
-10608
6869
-16204
1685
-10593
-11613
12275
-6836
13361
-3113
17783
10761
-7968
20636
-30649
9106
-21255
-17488
-5841
-23726
12744
-2523
18577
2273
3463
18961
-19556
18712
-15399
-5175
2949
-19261
18924
-17695
20495
-1184
5069
16575
-12608
4518
-22992
8266
-6353
-22599
9113
-13225
22035
-8014
7671
13119
-289
17170
-20536
3450
-5753
-19127
2500
-16750
22074
-3955
11953
14229
-7809
8607
-22145
1589
-5493
-16229
-2851
-9972
15359
-4600
16009
-783
-8009
18227
-23847
6124
-9483
-11791
9206
-21269
13660
-13038
18207
8057
1570
6994
-6752
11393
-18632
6780
779
-13964
13866
-14217
27525
1234
11110
22450
-10293
14946
-29797
-8529
-4011
-7338
8931
-25850
28245
2531
13566
18424
-15449
17376
-14993
-3650
-20309
-17726
201
-27338
26444
-21513
25098
14532
-2172
16475
-13390
8514
-19061
-12424
-2574
-17228
12528
-21544
21254
11998
9670
18125
-12875
10590
-23084
1425
4713
-13555
17861
-6540
11897
5829
7754
20506
-4026
18657
-30127
1732
-8799
-8192
24265
-10365
18406
634
12505
14628
2457
21834
-25755
1950
-22893
-16107
-3744
-20241
26550
-6472
19685
20551
-13843
9262
-10104
13649
-18251
-4911
-4957
-4716
11717
-16102
23078
4785
-2163
13332
-5309
20271
-22853
-12139
282
-12269
8180
-13738
12689
567
11750
25199
-16062
21986
-18426
-90
-13851
-14676
1183
-17258
15989
-273
12082
23533
-8015
3621
-13441
8092
-14076
-9467
-2474
-22100
12912
1
12531
11743
-4826
23207
-23053
14858
-16850
-9786
2319
-22651
22976
-3875
22548
17263
5209
19981
-15388
6663
-13288
-3680
-2290
-13133
6515
-9006
17837
7910
7669
16822
648
19708
-12225
-1513
-10370
-21874
11232
-12413
11336
-11726
10025
18864
-5920
11428
-19245
2361
-10194
-20394
8270
-18018
20706
-7797
18202
14139
-12338
6212
-28110
5775
-17372
-13132
4340
-19789
25242
-8681
14707
8717
-19459
9953
-25733
10425
-14160
-17313
-14040
-21591
14324
-15141
24580
8662
10127
17600
-12583
18826
-33833
-8274
-816
-4488
2776
-15807
4198
6201
14909
14509
-15102
15973
-21988
-1169
-9111
-16481
5232
-25176
28838
-13731
10881
22025
3311
14595
-15853
8091
-13225
-20061
2892
-16057
15682
-8736
27545
5794
-4221
8822
-18710
12967
-11691
-3119
-5554
-18577
8615
-15944
21167
12671
8875
20873
-11224
11613
-11017
-4657
-10913
-22221
19652
-9816
12331
2698
8997
16676
-4492
17438
-10122
4827
-15536
-19206
1947
-22156
28929
-1397
8334
9760
-5311
19225
-23104
18375
-4510
-7552
15226
-16449
7624
-18171
15012
1452
4282
22643
-18332
5131
-7933
-4861
-157
-10044
11483
-17862
7347
4634
8986
19444
-5070
7837
-27774
-12776
-6973
-14700
7328
-13833
21771
-3636
11190
21849
-10688
15093
-19629
-593
-19467
-8831
18958
-11773
3484
-7633
18175
13052
-10294
18786
-26052
4533
-20925
-21970
-5027
-19759
8475
-17359
22121
16407
5000
15184
-15187
11879
-15154
-4467
5270
-27994
6715
-3180
14571
-1424
5212
10047
-12993
15882
-18262
-8837
-8708
-13503
15692
-6941
21260
3078
2204
11464
-94
12225
-23218
-1394
-14048
-13391
10138
-8396
22428
2982
9152
13214
-12125
32752
-14104
5093
-15618
-11220
8248
-21932
23607
-11704
17772
6216
5322
17097
-13762
7972
-7237
-12306
-11585
-14220
18129
-11372
17240
14480
1661
9360
-22485
8615
-16718
-905
-13776
-14519
11894
-20427
29549
7031
13572
16777
-4203
23880
-11655
7127
-17782
-17237
2541
-19249
24709
-745
19397
14778
-9867
11814
-14894
2472
-22437
-11548
-5894
-19794
4912
-11554
17506
6797
-1907
15457
-11386
13506
-23445
-18277
705
-10517
11362
-2169
17899
9584
17512
15467
-7376
12776
-15005
2570
-9022
-12036
17300
-5243
21170
1013
7366
22451
-9372
15259
-21888
-8453
3017
-13596
-1149
-13897
24028
-2404
12998
8773
-7604
8960
-7898
10945
-10128
-6206
2489
-18735
21379
-4033
14062
16934
6773
18941
-27905
13723
-12114
-7314
1018
-25234
10243
-9657
20479
-1754
16963
20975
-17515
9194
-13175
3991
6171
-16733
22663
-10081
24857
-7558
5432
13882
-7298
12935
-29404
-1423
-4490
-9527
13479
-14698
16510
-7655
13809
24818
-9171
10129
-16883
4878
-20509
-6791
-1865
-10393
15546
-534
11929
12765
-712
20627
-11316
7607
-9513
-14021
-3538
-24721
19833
-9928
16653
17430
-3734
21082
-11612
17910
-13104
-2518
-5881
-16097
8642
-15199
15468
4948
7607
11895
-8087
4711
-23736
-717
-10481
-25740
3016
-20309
18633
-7752
16584
12223
-6203
13565
-18763
1218
-13315
-12328
5434
-20861
13995
-9040
11904
12161
5575
18787
-23362
5446
-21258
-8509
-7777
-17210
14579
-18327
15146
11207
9406
11623
-10160
13117
-31550
10056
-6739
-18350
4849
-4545
24320
-2716
5681
16445
-10424
9998
-20634
808
-18530
-13506
3634
-9997
5064
5263
9216
8793
-5387
21624
-16257
1020
-9797
-6123
-2069
-25123
17284
-7808
22614
9863
-1171
21646
-18648
7562
-16244
-10249
-10999
-20788
14771
-9148
10849
8517
9974
15094
-16788
1507
-25146
-1496
2071
-19838
8657
-12708
20892
-1194
6904
16849
-7561
-976
-20924
10906
-24193
-24651
11385
-17273
17654
-9831
-2627
2107
-132
21447
-24802
5063
-25682
-11664
11673
-10350
23268
-2876
20801
14980
-2961
31816
-11403
11540
-14383
-8446
5247
-17235
13065
1178
23439
-194
4736
25356
-18639
2152
-15968
-6982
-6636
-13962
-70
-7192
19742
-293
11773
19692
-6938
15734
-10450
-2409
-5607
-15593
19925
-21907
18063
691
9880
18321
-11770
16636
-16905
4234
-23653
-9723
16593
-21945
17417
-15304
12165
20982
-6107
17638
-22049
3780
-17361
-14637
687
-15937
8629
-14979
19809
16276
-1180
17757
-6279
789
-30993
-2722
-13808
-10175
20770
-12533
21943
728
3339
23080
-17993
6626
-24058
1440
-6520
-10877
6622
-6144
11841
-1528
6089
19004
-6295
16402
-26016
6393
-3440
-18381
11651
-7275
28089
876
19846
7160
7768
12847
-29087
11463
-12559
5062
-4024
-22389
18054
-10925
12569
7189
-3264
10524
-13878
16434
-7978
-11898
-2758
-16361
15397
-14892
21698
909
7502
9467
-15081
16353
-43855
-5341
-3657
-21092
18218
-5447
