    33 
     1 
  -145 
    62 
   170 
  -159 
    78 
   -47 
   -46 
   -12 
   209 
   -41 
    82 
  -132 
   140 
    79 
    -1 
   139 
   252 
    32 
   -66 
   -76 
   115 
    16 
    57 
   -84 
     2 
  -271 
    88 
   163 
    24 
   105 
  -127 
    -4 
   -20 
  -130 
  -124 
   134 
   -24 
    32 
   159 
    59 
   197 
    85 
    36 
   -50 
    74 
   134 
    28 
   -98 
    -1 
   318 
  -206 
   156 
    27 
  -194 
  -145 
    63 
   -33 
    71 
   -16 
    74 
    65 
   -52 
    35 
   -63 
   107 
   -24 
   142 
   -26 
   104 
    76 
   -58 
    -8 
   -31 
  -184 
    89 
   -76 
   -77 
   134 
  -162 
   -45 
  -150 
   -19 
   140 
   115 
    78 
   -41 
   240 
    80 
     6 
    17 
   -33 
  -103 
    85 
   -37 
    35 
   180 
   120 
   -29 
   -30 
    27 
    18 
   244 
   188 
  -133 
   232 
     6 
    39 
   161 
   189 
   177 
    59 
    14 
   126 
    78 
   -43 
  -112 
   -21 
    47 
   130 
   -19 
   -46 
  -141 
   183 
   188 
    71 
   -65 
   128 
   138 
   236 
   -59 
   106 
   124 
   221 
   -63 
  -204 
   152 
    94 
    53 
   244 
   -60 
   227 
  -212 
   142 
    57 
   105 
   210 
   270 
   157 
   168 
   177 
   458 
  -196 
   267 
    74 
   294 
   132 
   513 
   219 
   825 
   -46 
  1840 
   386 
 23993 
  6199 
 -2012 
  -614 
 -1045 
  -296 
  -665 
  -258 
  -626 
   -64 
  -636 
  -220 
  -311 
    56 
  -295 
    67 
  -359 
  -161 
  -362 
   -72 
  -246 
   -44 
    29 
  -208 
  -292 
   -31 
   -69 
  -175 
  -203 
  -218 
  -131 
    23 
  -249 
  -288 
   106 
  -209 
   -10 
  -109 
    42 
    31 
    19 
   -52 
   -32 
  -104 
   -34 
   155 
  -401 
    47 
   121 
   -75 
  -145 
   -45 
   -57 
   -32 
   -56 
    22 
  -108 
   227 
   197 
    33 
  -242 
    20 
  -161 
  -270 
    32 
   134 
  -199 
   -72 
   -17 
  -114 
  -188 
  -188 
  -122 
   -13 
   -67 
    45 
   -42 
   151 
    30 
   -15 
   -27 
   150 
   211 
   -66 
     3 
   -85 
   100 
   -82 
  -155 
   103 
  -213 
     7 
   -43 
   -41 
   183 
   -45 
  -190 
    27 
  -147 
    92 
   -83 
    81 
  -204 
  -224 
    43 
   -87 
    46 
  -116 
   -10 
    43 
   126 
   -50 
   -43 
   203 
   -92 
  -104 
  -140 
   -80 
     0 
   -37 
   -23 
   103 
   -21 
   105 
  -105 
     1 
  -259 
   114 
   104 
   107 
    35 
   -30 
   -79 
    18 
     8 
   -91 
  -111 
     2 
   -77 
   -36 
    -4 
   155 
  -161 
  -150 
   121 
  -145 
   -15 
    66 
    84 
    35 
  -228 
  -110 
   -47 
  -162 
   -21 
    33 
   123 
   181 
  -111 
   -46 
    87 
  -106 
  -182 
   -24 
   -21 
  -119 
    -7 
    77 
   -14 
   114 
  -114 
   -32 
   -57 
   -62 
    36 
   238 
   -39 
  -204 
  -135 
   191 
  -155 
   -73 
    43 
  -122 
   -69 
    66 
    42 
   118 
   -84 
    15 
   -26 
    85 
   105 
    70 
   -35 
  -179 
  -124 
    39 
    79 
   173 
    35 
   -20 
   -84 
   -75 
    73 
     8 
    13 
   -45 
  -164 
    35 
    41 
   -12 
  -111 
   -37 
   197 
    68 
     0 
   -16 
  -115 
    -1 
    29 
    59 
   132 
  -111 
  -124 
    62 
    69 
   -77 
    18 
  -239 
   -48 
   224 
    -3 
   108 
    31 
   -67 
    39 
    33 
    -1 
   -24 
    92 
   -43 
  -116 
   -10 
   -13 
    61 
    61 
   115 
   -35 
    84 
   -40 
   -26 
  -114 
    -8 
  -125 
    -6 
  -126 
   131 
  -154 
   -86 
    -2 
   -45 
    26 
  -139 
    10 
    32 
    20 
    67 
    31 
  -236 
    37 
   -20 
    97 
    76 
  -142 
   -29 
   166 
    30 
   -50 
   -31 
    77 
  -171 
  -101 
  -119 
   -73 
   -98 
    -2 
   -45 
     9 
   -14 
     4 
    89 
   -69 
    -7 
    57 
    38 
  -137 
   -42 
   -25 
  -118 
    68 
   152 
   -60 
   -85 
   -35 
   -70 
   190 
   -81 
    24 
  -126 
   -59 
    -9 
    46 
  -104 
   -40 
   -33 
   196 
   -85 
    -4 
  -230 
  -181 
   173 
   -14 
  -217 
  -117 
    14 
   -24 
   -86 
    37 
    44 
   -36 
    88 
   -84 
    40 
  -141 
   -73 
  -201 
    30 
   -71 
   146 
     8 
  -138 
   -18 
   184 
    35 
  -275 
   150 
    66 
    23 
   173 
   -24 
   194 
   -46 
    56 
    28 
  -171 
    68 
  -328 
    75 
   -45 
   -88 
    16 
  -104 
    46 
    46 
  -159 
    66 
   -52 
    99 
   -69 
    90 
    -1 
   -21 
   142 
  -225 
   247 
  -130 
   -37 
   -65 
   120 
    46 
    56 
   -91 
     9 
    70 
   124 
  -159 
    12 
  -113 
     1 
   108 
   164 
  -182 
    83 
    76 
    73 
   -18 
    65 
    58 
     4 
  -256 
    27 
   -71 
   -54 
    17 
    46 
   -64 
  -123 
  -107 
  -120 
    95 
  -167 
   152 
   -21 
   -75 
    19 
   -42 
    53 
   -24 
    29 
    57 
  -197 
   -63 
    41 
   -41 
   175 
    30 
   183 
    77 
   -23 
   183 
    67 
  -175 
   -71 
    37 
  -230 
   103 
   165 
     3 
   -73 
  -177 
   -71 
  -119 
    40 
    16 
   -97 
    39 
   -69 
   -41 
   -91 
    36 
    78 
   128 
    13 
   113 
   -89 
   -65 
   124 
    41 
   -63 
   -65 
   -16 
   146 
   -11 
  -154 
   208 
    49 
   -69 
    12 
    91 
   134 
    29 
  -106 
  -127 
   -77 
   -89 
  -125 
   241 
    27 
   -37 
   -31 
   -25 
  -169 
   -26 
   112 
   -44 
  -107 
  -244 
    -4 
     8 
   -24 
   164 
   -29 
  -137 
   205 
   -80 
    27 
  -106 
    46 
    62 
   -14 
   164 
    74 
   155 
     8 
  -184 
    94 
   198 
    16 
   -49 
     6 
   249 
   206 
  -174 
   -35 
     3 
     8 
   -75 
  -242 
   -58 
    14 
   -43 
    75 
   117 
   122 
  -134 
    43 
   -21 
   -92 
    13 
   -65 
    -1 
  -126 
   -73 
   138 
    78 
   -78 
    20 
    77 
    -2 
    64 
  -177 
    12 
   -48 
    20 
   -58 
   239 
   197 
    69 
  -248 
   -45 
   -71 
   -35 
   -77 
   239 
    80 
    97 
    12 
   -95 
  -299 
  -112 
    10 
   -51 
    20 
  -152 
  -215 
   -98 
    35 
   158 
  -249 
    41 
   139 
   119 
   -33 
   212 
   -16 
   119 
   143 
   191 
    64 
   -32 
    14 
    49 
    44 
   -30 
    28 
  -103 
  -106 
   -60 
  -163 
  -144 
   191 
   102 
   -60 
    77 
    67 
   130 
    54 
    19 
   -96 
   -40 
    27 
  -101 
   -36 
   -13 
   179 
   -25 
   131 
  -126 
    98 
    44 
   -34 
   -96 
   -75 
  -177 
   -97 
   152 
    -3 
  -151 
     5 
   127 
  -121 
   -72 
   -53 
   -21 
    25 
   -50 
    94 
    94 
   -83 
     0 
   119 
  -127 
  -168 
  -192 
    -1 
   -88 
    12 
   -37 
   133 
   -27 
   112 
   178 
  -117 
     4 
    75 
   181 
   -90 
    72 
   -69 
   -53 
    20 
    82 
  -107 
    23 
  -122 
    43 
     7 
  -281 
  -100 
    18 
  -139 
    26 
    16 
   170 
    55 
    51 
    58 
   -14 
    -1 
    35 
  -187 
  -144 
  -241 
    49 
  -131 
  -291 
    63 
    -7 
   -87 
   233 
   -11 
   238 
     9 
   -49 
    41 
   160 
    29 
   -96 
  -168 
    47 
    93 
   222 
   -93 
    28 
  -132 
   123 
  -242 
    68 
  -162 
   -32 
  -101 
   -23 
   -54 
   -43 
   -43 
  -113 
    41 
   -80 
   -98 
  -153 
   -41 
   -57 
    68 
   -48 
  -144 
    -1 
   -64 
    21 
   159 
   126 
   -97 
    -4 
   142 
   -30 
   -11 
    -4 
   -45 
   -33 
   239 
    72 
   -25 
    76 
    61 
  -224 
    12 
    96 
   128 
   155 
   -47 
    78 
  -193 
    36 
    44 
    89 
    66 
   -62 
    87 
    10 
  -208 
   -20 
   -71 
  -198 
  -140 
    50 
   168 
  -288 
    25 
  -195 
   -58 
   107 
    23 
   287 
  -145 
   -15 
    60 
   102 
    25 
    60 
   -63 
  -171 
    33 
    18 
   -10 
    69 
   -67 
    99 
   -86 
    67 
    35 
   201 
    14 
   122 
   -49 
   120 
    32 
    59 
  -189 
   -13 
  -183 
    47 
  -198 
   -25 
   105 
  -138 
   -49 
    52 
    -8 
   -53 
    31 
  -178 
    50 
   -34 
   -28 
    73 
   117 
   -95 
   -80 
   -53 
    28 
  -112 
  -235 
   -85 
   -31 
  -123 
   -93 
  -222 
  -272 
   122 
    53 
   152 
   -59 
   -59 
    21 
   -10 
  -157 
    62 
   -56 
     7 
   -36 
    10 
   -49 
   -76 
    69 
   -28 
   -67 
   -32 
   -73 
   243 
   113 
    16 
   256 
  -102 
   263 
   -56 
    14 
   -16 
     6 
   -96 
   -78 
   -37 
    98 
    81 
   -36 
    86 
   -13 
   315 
    61 
    13 
     2 
