  -139 
  -107 
   170 
   183 
    49 
   191 
   -26 
   224 
    41 
   -86 
    27 
  -293 
    69 
  -183 
   -67 
    97 
   170 
   107 
   -68 
   -25 
   -70 
  -194 
  -112 
   468 
  -103 
  -153 
    70 
   142 
   -48 
    28 
   489 
  -127 
   229 
  -142 
  -119 
   -94 
    36 
   317 
  -100 
   350 
  -180 
   -69 
    62 
   263 
    69 
   201 
   227 
    65 
   242 
   -94 
  -122 
   235 
  -174 
  -195 
   147 
  -154 
   246 
  -283 
   -24 
   -95 
  -245 
    85 
    89 
  -278 
  -159 
  -122 
    16 
   299 
   213 
   -11 
    56 
   -26 
    -8 
   302 
    14 
   -24 
   333 
    75 
   184 
  -119 
   -33 
    54 
    59 
   -98 
  -507 
   -47 
    76 
    87 
  -322 
  -192 
   237 
   175 
   -90 
   -68 
  -134 
   173 
  -365 
   181 
   -43 
   321 
   -54 
    15 
   258 
   373 
  -249 
   -73 
   428 
   271 
  -127 
   146 
   283 
   316 
   163 
   230 
  -137 
   118 
    76 
  -211 
   168 
  -121 
  -145 
  -285 
    85 
   233 
   166 
  -116 
   361 
   -28 
  -232 
   -38 
    89 
  -164 
   -46 
   -17 
  -423 
  -237 
   121 
   281 
   214 
   217 
   234 
   297 
    64 
  -173 
    50 
    -3 
   158 
  -149 
  -351 
   171 
   306 
  -255 
   144 
    55 
   -98 
   193 
  -298 
   -73 
   198 
   162 
  -155 
  -110 
    29 
  -486 
    87 
   332 
  -181 
   -32 
   368 
   327 
    60 
   105 
   167 
   137 
  -365 
   329 
   -36 
     3 
   235 
   158 
   231 
   571 
    37 
    13 
  -298 
    84 
  -173 
  -104 
   133 
   214 
   249 
   174 
   -25 
    -7 
   248 
   122 
   127 
    -5 
   -91 
    38 
   172 
   110 
  -183 
  -158 
    87 
   102 
  -172 
    54 
   193 
  -239 
   126 
   131 
  -258 
   190 
   -26 
  -235 
   342 
   160 
  -190 
  -192 
    19 
  -173 
  -220 
   143 
   286 
   -93 
    56 
  -190 
   152 
  -408 
    96 
    69 
   282 
    65 
  -298 
   -21 
  -206 
   116 
  -236 
  -153 
   146 
  -176 
   183 
  -109 
  -129 
  -255 
  -395 
   125 
   109 
   318 
    55 
    40 
   172 
   179 
   -92 
   183 
   -33 
    69 
   -71 
  -138 
   221 
   136 
   -43 
    43 
   158 
  -327 
   -79 
    22 
     4 
    22 
   397 
   -69 
  -152 
   -98 
    64 
   394 
   117 
  -260 
    42 
   493 
   210 
  -152 
  -273 
   -67 
  -235 
    70 
   179 
   166 
   208 
  -191 
  -195 
   240 
  -363 
  -147 
   185 
  -377 
   -41 
   193 
   -18 
   118 
    29 
    33 
   -29 
  -329 
   171 
  -143 
   302 
  -308 
   -60 
  -193 
   -63 
  -107 
  -192 
   -10 
    74 
  -130 
   321 
  -417 
  -244 
    29 
   177 
  -141 
   -89 
  -347 
  -137 
  -163 
    23 
   -52 
 18569 
    67 
   190 
   330 
  -362 
    76 
  -366 
   191 
  -308 
   422 
   -33 
    95 
  -128 
  -300 
  -196 
   238 
   -82 
  -252 
  -210 
   389 
  -165 
   -93 
   101 
  -215 
  -223 
   -95 
  -632 
    37 
   -90 
   -31 
    20 
  -356 
    -7 
  -229 
   -41 
   178 
    29 
   438 
   111 
  -250 
   107 
   190 
  -115 
   -67 
  -303 
   274 
   -89 
    81 
  -125 
   -11 
  -122 
  -125 
   151 
   475 
   -63 
   -48 
    96 
    -1 
  -124 
   217 
  -160 
   263 
  -377 
  -234 
   502 
   -75 
    31 
    -9 
  -134 
   -72 
   -34 
  -263 
   -33 
   -45 
    67 
  -547 
  -122 
    10 
    20 
  -217 
  -210 
  -127 
  -175 
   121 
   -86 
   466 
   238 
  -147 
  -107 
   -78 
   331 
    42 
   345 
    57 
  -346 
   152 
   312 
    -9 
   119 
   -12 
   123 
  -332 
   104 
   197 
   -84 
    -5 
  -141 
  -212 
  -309 
   248 
   178 
    46 
   508 
   -72 
  -114 
   108 
   164 
  -180 
  -205 
  -265 
    24 
     2 
  -117 
   171 
  -113 
  -201 
   194 
  -280 
   304 
  -144 
  -257 
    93 
    95 
  -185 
   328 
   263 
  -151 
   -35 
   199 
    82 
  -144 
  -198 
  -249 
   -98 
  -151 
    22 
    -1 
   230 
   110 
  -246 
   150 
  -100 
   171 
    11 
     2 
    11 
  -329 
   185 
   -97 
   193 
    96 
   -85 
   -52 
     1 
   329 
     3 
  -307 
   347 
   186 
  -200 
    21 
   110 
   218 
   143 
   -22 
   353 
   242 
  -170 
  -108 
   -66 
   -86 
   -67 
    49 
  -144 
   348 
  -429 
   168 
    -9 
   317 
  -151 
    21 
    14 
  -232 
    24 
  -132 
  -199 
    53 
   177 
   -56 
   105 
    76 
   -16 
    48 
   224 
   -98 
  -113 
  -274 
   171 
    23 
  -439 
   245 
    65 
   -13 
   151 
    28 
  -111 
    72 
  -224 
   120 
   -18 
  -313 
   -54 
   189 
   197 
  -527 
  -393 
    68 
  -175 
   182 
   109 
    26 
    15 
   -43 
    34 
   260 
  -210 
  -294 
    22 
  -143 
  -146 
   458 
   109 
   260 
  -200 
  -198 
  -280 
   112 
  -118 
   -32 
  -183 
   -72 
   -19 
    13 
  -178 
   -35 
    25 
   -35 
   -56 
   361 
   -42 
  -279 
  -153 
   -72 
   218 
  -151 
    80 
     3 
  -150 
    80 
    73 
   342 
   140 
   144 
     1 
   370 
  -332 
  -344 
   278 
   117 
    13 
  -154 
   -49 
   -36 
   100 
   -10 
  -297 
  -130 
   -74 
  -132 
  -181 
    70 
   -19 
   -59 
   -79 
   158 
   -94 
  -247 
   147 
  -217 
  -299 
  -172 
   -42 
    46 
    30 
    95 
   115 
  -227 
   116 
  -178 
   566 
  -101 
  -283 
    -9 
   -61 
   -76 
   482 
    18 
  -311 
  -140 
  -179 
    29 
   189 
  -262 
   112 
  -142 
    14 
  -110 
    82 
   253 
    91 
  -343 
  -230 
  -240 
  -279 
  -155 
  -135 
   410 
   172 
    29 
   168 
   -33 
  -282 
   131 
    -2 
   -52 
   340 
   234 
   210 
    32 
    61 
  -179 
  -206 
   123 
  -106 
  -208 
   168 
   302 
   214 
  -299 
   451 
  -293 
  -184 
    71 
    91 
   431 
    63 
   151 
  -118 
  -383 
  -127 
   277 
   502 
   136 
    42 
   -51 
    84 
    -1 
  -168 
  -256 
   -29 
   249 
  -105 
    34 
   248 
   197 
   -38 
  -149 
   140 
   119 
  -187 
   -56 
    69 
    31 
   -38 
   130 
  -370 
  -102 
    80 
  -196 
   116 
     7 
   163 
  -285 
   303 
    22 
  -311 
  -174 
   203 
   -43 
  -302 
    38 
  -114 
   -88 
   -86 
   106 
    20 
    71 
  -206 
    59 
  -134 
  -104 
    45 
   361 
  -163 
  -190 
  -275 
  -490 
    93 
   213 
   228 
    36 
    76 
   104 
   112 
   213 
   128 
    92 
   124 
   115 
   189 
   176 
    93 
  -105 
   -52 
  -113 
  -249 
   -31 
  -125 
   183 
   -17 
    17 
   160 
   -66 
   132 
   -57 
  -613 
   -69 
   104 
   465 
    78 
  -126 
    68 
     8 
   -36 
   -29 
    59 
   416 
  -216 
    59 
    55 
   385 
   249 
    26 
   192 
  -517 
   -96 
  -194 
  -141 
   181 
    27 
   -86 
   -96 
  -230 
    26 
    -5 
  -106 
    51 
   -81 
  -181 
     8 
   172 
   103 
  -218 
  -104 
   416 
    58 
  -194 
   201 
  -100 
   -23 
  -188 
   136 
    36 
  -169 
   186 
    41 
   -17 
   -23 
    33 
   199 
  -208 
  -139 
    -1 
   -52 
  -130 
    76 
   233 
     5 
  -179 
   116 
  -170 
    88 
   -75 
   115 
   -73 
   317 
   294 
  -124 
  -170 
    47 
   -89 
   -91 
    91 
   574 
   -13 
    24 
   214 
   157 
  -250 
   -77 
   152 
   180 
  -277 
  -168 
   109 
    -9 
  -265 
   -41 
   -24 
   155 
  -165 
   -94 
   305 
   -27 
   -86 
  -197 
    43 
   118 
   -85 
   104 
   211 
   -46 
   -99 
  -239 
    56 
   354 
   -90 
    35 
   -74 
  -220 
  -323 
     1 
   -53 
  -356 
  -385 
   121 
   119 
    -5 
   -35 
  -172 
   -23 
  -239 
  -235 
  -160 
  -142 
  -179 
    18 
   166 
   279 
  -259 
   158 
   153 
    16 
  -485 
   173 
  -138 
    94 
   -71 
   171 
  -132 
     4 
   324 
    62 
  -130 
  -128 
   132 
  -159 
    17 
   -47 
  -137 
  -118 
    26 
   253 
  -211 
  -316 
    67 
   -51 
   157 
  -279 
  -316 
    67 
   102 
  -200 
     7 
   -78 
  -146 
   212 
    58 
   -15 
    90 
   224 
   259 
  -232 
  -167 
    48 
  -118 
   -60 
   -25 
   143 
   165 
   222 
   -23 
    67 
    15 
    43 
  -132 
    60 
   112 
  -229 
   247 
   248 
   -29 
  -191 
     8 
   173 
   412 
  -198 
   169 
     1 
   192 
  -168 
  -101 
  -559 
  -174 
   437 
    26 
   244 
  -190 
  -343 
   -23 
   142 
  -192 
   190 
   186 
  -236 
   -30 
  -469 
    82 
   107 
  -183 
  -294 
  -417 
   110 
   297 
   -62 
   243 
   155 
   -63 
  -136 
   185 
  -133 
    11 
    -3 
   -51 
    31 
   -98 
  -133 
   198 
   283 
  -238 
   224 
   516 
   414 
    25 
  -106 
  -192 
   126 
   211 
   -95 
  -285 
   -21 
    -3 
  -241 
    27 
    45 
  -268 
  -116 
   128 
    -5 
  -408 
   -85 
   388 
    23 
  -218 
  -276 
   -45 
   355 
   -94 
     7 
    21 
  -284 
  -273 
   -46 
   322 
    51 
  -208 
  -139 
   306 
   -90 
  -133 
   120 
  -132 
  -340 
   356 
  -134 
   -67 
    22 
   -82 
   366 
  -297 
  -149 
   -21 
   179 
   106 
   -75 
    72 
   -85 
  -101 
   295 
  -354 
   -47 
   382 
  -240 
   192 
   171 
   394 
     4 
     8 
   148 
   248 
  -154 
    60 
   152 
   111 
  -121 
  -378 
   172 
  -106 
   -39 
   -34 
   -31 
  -332 
   170 
     3 
   200 
   302 
  -466 
    51 
   -56 
   -73 
   305 
   -13 
  -323 
  -158 
  -149 
   246 
   -79 
  -459 
    89 
   -58 
   -82 
   208 
   -81 
    99 
   213 
  -124 
  -169 
    45 
   165 
    77 
    15 
   -53 
  -254 
  -182 
   -46 
  -124 
    79 
   160 
   153 
   147 
   289 
  -311 
  -144 
    57 
  -166 
  -112 
  -379 
   128 
   164 
   -67 
    65 
   145 
   -17 
    42 
   180 
   106 
  -262 
  -228 
    15 
   317 
   256 
  -388 
   -33 
   265 
    35 
    23 
   193 
   227 
  -186 
   526 
  -332 
   431 
   363 
   200 
  -213 
  -165 
  -284 
   -76 
    79 
  -144 
    38 
    22 
   241 
   190 
    40 
  -108 
   288 
    44 
   194 
  -259 
    75 
   -59 
  -261 
  -205 
   100 
    10 
   273 
   100 
  -441 
   303 
  -159 
  -188 
   117 
   -38 
  -190 
   -10 
  -389 
    77 
   192 
    20 
    83 
   248 
  -441 
  -177 
  -320 
  -166 
    35 
   -35 
  -126 
    86 
  -138 
   197 
   431 
   273 
  -270 
    52 
   -94 
  -130 
   -53 
   163 
   -40 
  -147 
   126 
  -304 
  -178 
    35 
   -39 
    31 
   -74 
   107 
   279 
    79 
    29 
    67 
   156 
   -45 
    -8 
   -49 
   215 
  -137 
  -108 
  -245 
     6 
   -23 
   -96 
   156 
  -103 
   334 
    68 
   -27 
   119 
   121 
   129 
   413 
    85 
    15 
   111 
   214 
  -132 
   189 
    97 
   158 
   131 
   323 
    68 
   -36 
    78 
   203 
   -96 
   142 
    32 
   180 
   -79 
  -217 
  -170 
   190 
   -21 
   105 
  -320 
   348 
    57 
    95 
  -126 
   391 
   -39 
    92 
  -218 
  -212 
   -76 
    18 
  -109 
   -27 
    56 
    24 
    50 
    52 
   -40 
   -85 
  -300 
   220 
     1 
   266 
  -186 
   493 
    18 
   116 
   -93 
   131 
   257 
   -90 
  -296 
    78 
    48 
  -126 
  -195 
   302 
    60 
  -101 
   334 
   168 
  -132 
   325 
   -93 
    88 
     9 
    15 
     3 
    15 
    -7 
  -206 
    51 
    22 
    75 
    67 
   121 
    33 
   -80 
    83 
    41 
  -225 
    23 
  -339 
  -133 
   480 
    -1 
    12 
   -27 
   217 
    18 
    89 
    98 
  -216 
   -81 
   195 
   254 
    66 
   104 
  -127 
   464 
   -64 
   175 
   214 
   260 
  -129 
  -209 
  -131 
  -258 
   184 
   170 
    28 
    12 
    57 
  -178 
   193 
   379 
   -23 
   194 
   -48 
  -265 
  -146 
    70 
   283 
  -180 
    55 
  -171 
  -215 
   256 
    55 
    55 
   386 
   150 
  -240 
  -101 
   122 
    -9 
   -80 
  -336 
   260 
   -32 
  -123 
  -110 
   -60 
    30 
  -283 
   178 
    85 
    32 
    31 
    64 
    33 
    37 
   107 
   -85 
    -8 
  -296 
  -383 
   181 
   268 
   214 
  -115 
  -184 
  -228 
   233 
   145 
   -55 
    95 
   157 
   -93 
   -85 
  -452 
     8 
  -121 
   306 
  -306 
    41 
    40 
   264 
  -171 
   -52 
   280 
   -98 
    44 
   461 
   -36 
   -69 
  -319 
  -302 
   178 
   267 
  -144 
   -29 
  -107 
   -72 
   217 
    20 
  -229 
    27 
   -73 
    72 
  -361 
  -211 
   244 
   180 
   -48 
   177 
   -38 
  -309 
   168 
     3 
  -370 
  -151 
     1 
    86 
   -62 
  -106 
    76 
   126 
   236 
  -128 
   -91 
   232 
  -422 
   189 
    -5 
  -372 
  -129 
   -11 
    88 
  -121 
  -147 
  -202 
   -68 
   373 
   173 
    89 
   130 
   347 
  -251 
    46 
   137 
   317 
   -19 
   256 
    66 
  -172 
   191 
   128 
  -132 
  -127 
   -16 
   283 
   -36 
   192 
   341 
   -72 
  -195 
  -226 
  -281 
    61 
   -82 
    77 
   -49 
   210 
   118 
    -9 
    57 
   -25 
  -123 
  -115 
  -106 
   -30 
   238 
    65 
  -171 
   -96 
   280 
   -52 
   142 
   576 
   391 
  -155 
   118 
    14 
   108 
    88 
   154 
   -93 
   440 
  -164 
  -197 
   291 
   -91 
   -22 
   274 
   -64 
  -125 
   120 
  -222 
  -283 
   -81 
   249 
    23 
  -365 
   -74 
    51 
  -134 
  -113 
  -107 
   128 
   -10 
   374 
   -46 
  -120 
   -59 
    93 
  -111 
  -107 
   364 
    77 
   302 
    25 
    28 
  -219 
   176 
  -180 
    22 
    26 
   132 
  -207 
  -278 
  -122 
   215 
     8 
   -13 
   100 
  -124 
    -4 
    -8 
  -245 
   170 
    18 
   136 
     5 
    15 
  -217 
   177 
  -183 
     9 
     7 
   -61 
   279 
  -175 
  -277 
   217 
   130 
   -95 
    69 
    66 
   434 
   208 
   -74 
   -16 
  -214 
   -20 
     8 
   -17 
   -99 
  -153 
  -137 
   -45 
    90 
  -215 
   210 
   -71 
   -63 
   166 
    84 
    29 
    16 
  -285 
  -111 
   -74 
  -167 
    36 
  -490 
  -303 
  -226 
    11 
  -108 
   125 
    -6 
   117 
    95 
    68 
  -378 
   166 
   316 
  -110 
   169 
  -258 
   217 
  -146 
    98 
  -130 
  -259 
   342 
  -230 
   421 
   447 
   -29 
   -36 
   -48 
   -27 
    45 
  -241 
   165 
   173 
  -137 
   109 
  -200 
   126 
  -250 
    35 
  -157 
   -89 
  -110 
  -260 
  -139 
  -139 
  -135 
   -11 
   149 
   114 
    35 
  -267 
  -175 
    31 
   250 
  -155 
  -367 
   -59 
   324 
  -875 
  -127 
   -72 
   -25 
   205 
   126 
  -233 
   286 
  -139 
   169 
   150 
   -79 
  -416 
    91 
  -126 
    50 
   -73 
   -61 
   -26 
    17 
    35 
  -174 
   -99 
  -176 
    29 
    17 
   114 
   137 
    33 
   -90 
  -463 
   271 
  -123 
   168 
   443 
   252 
   133 
    -9 
  -186 
    47 
   129 
  -120 
   119 
  -323 
   253 
  -205 
   -83 
  -131 
   292 
   161 
   208 
  -260 
   -41 
   160 
    20 
  -277 
   185 
    58 
   188 
    72 
   391 
     3 
  -145 
   129 
   245 
    -9 
   -56 
     6 
   -33 
   -82 
    -2 
  -139 
   357 
    18 
  -244 
  -361 
   230 
    26 
  -438 
  -260 
   195 
  -241 
  -107 
    10 
  -214 
  -131 
  -143 
    -2 
   212 
  -275 
    97 
   -47 
   122 
    50 
  -185 
    83 
   -80 
  -254 
    80 
   142 
   -12 
   271 
   181 
    -6 
  -159 
   256 
  -201 
  -234 
    20 
    80 
   318 
   253 
   536 
  -111 
  -261 
  -157 
   121 
   116 
   -25 
   -97 
  -143 
   315 
  -214 
   368 
   -54 
    72 
    65 
   104 
   261 
   -31 
    69 
    23 
    12 
   -73 
   -95 
   320 
  -209 
    19 
  -432 
  -145 
   -80 
   101 
   108 
   198 
   -91 
  -139 
  -209 
   -33 
  -140 
  -107 
  -134 
  -333 
   123 
     6 
   296 
  -282 
   222 
   181 
   201 
   -78 
   -55 
    99 
  -380 
   192 
   119 
   -47 
   -33 
    47 
  -353 
   -44 
  -312 
   -15 
   190 
   -49 
   -57 
  -140 
    68 
  -116 
    73 
    90 
  -469 
  -133 
    83 
    35 
   140 
     1 
   237 
  -100 
  -177 
   275 
  -381 
  -170 
   348 
    39 
  -125 
  -222 
   -93 
    64 
   223 
   -22 
  -314 
  -162 
   150 
    93 
  -363 
   136 
   137 
  -325 
    78 
   246 
   133 
   -17 
   -35 
  -125 
  -249 
   -29 
  -161 
  -173 
   226 
   127 
   -40 
   417 
     1 
  -306 
     3 
   351 
  -138 
    46 
  -182 
  -104 
  -169 
   -38 
    -8 
  -174 
    47 
   247 
   -61 
   -13 
   213 
  -113 
   -30 
   138 
   -34 
  -230 
   -84 
   -49 
    97 
    -9 
   -98 
  -279 
   -42 
    -3 
  -178 
    42 
   127 
   -76 
  -136 
   381 
   287 
  -339 
   174 
   120 
   282 
    83 
   -64 
   116 
   -65 
  -496 
   373 
  -310 
    20 
   273 
  -256 
   220 
   113 
  -207 
    26 
    63 
    27 
    63 
   -95 
  -323 
  -116 
   482 
   -85 
    29 
   247 
   112 
  -187 
   166 
  -122 
  -194 
  -342 
     1 
  -179 
    66 
   171 
    61 
  -264 
  -209 
  -503 
    32 
   100 
   100 
  -279 
   -42 
  -312 
   107 
   164 
   171 
   -34 
  -198 
    73 
   154 
  -241 
  -180 
   163 
  -221 
    90 
   -19 
  -280 
    68 
   158 
   -22 
    49 
    25 
  -389 
   240 
