25794
413
11455
22436
-9707
18854
-30004
4213
-18250
-23810
15879
-30036
20958
-4523
20963
18437
-1774
26114
-20598
6342
-23197
-14789
712
-26612
20722
-8742
25805
14059
-1821
27474
-21597
14649
-21687
-6694
-4625
-27411
20196
-18959
22333
3940
8622
30080
-17520
17486
-30456
-9669
-11972
-23539
16074
-21164
21780
1304
11828
24090
-14111
25158
-21235
558
-16131
-18747
7360
-25172
28592
-5501
15562
20763
-13260
26823
-24393
5540
-20565
-15056
8972
-31028
22721
-10753
18145
11370
-1504
28858
-21349
18142
-21176
-11362
1338
-29942
19689
-16816
29511
7658
6265
32354
-18764
25533
-27091
-2089
-8281
-28584
13272
-19432
27735
1083
11342
21175
-13902
22671
-25906
2968
-13361
-25582
9417
-26478
28139
-2755
15085
21814
-8961
24732
-28562
11500
-16863
-21089
7372
-29200
24690
-6774
20850
21000
-647
29227
-19601
11639
-20214
-7851
4499
-29893
23056
-11455
22138
12292
6354
28494
-18925
20836
-22340
-5368
-9068
-30529
19913
-26870
28801
7734
5870
27007
-14104
23415
-24275
-2178
-14782
-26706
11722
-26439
23920
-5260
14834
16445
-9389
29185
-26743
6939
-20000
-17088
6075
-27848
26700
-10544
20307
18784
-1337
31980
-25008
11295
-25062
-13036
-191
-29420
21629
-18479
23716
15389
5220
29710
-24255
19590
-26092
-14719
-6847
-22163
17973
-18751
32200
332
6834
26746
-19620
23929
-26191
-5105
-11675
-28741
9990
-28664
28228
2371
13366
23438
-14363
27075
-27257
5386
-21112
-20165
7255
-27371
21865
-5440
18833
20709
-1879
23390
-20681
9495
-20946
-12147
-998
-27704
20850
-15240
23226
11359
3435
30387
-22034
15039
-25661
-8625
-6151
-22420
25049
-26173
26425
4856
5796
24297
-17926
18688
-28033
-2809
-12264
-26632
17078
-24317
26857
965
17290
26682
-11000
24731
-28320
5946
-17316
-19855
10277
-25970
24871
-2547
17143
18384
-4830
29672
-30553
10657
-24737
-16880
945
-26033
21052
-15929
21273
20906
1868
28082
-26209
16311
-27200
-18637
-4203
-27802
16043
-22509
25900
12187
8686
25255
-18073
18190
-23033
-6430
-8689
-27612
13171
-25462
23880
6326
13984
22499
-17411
27426
-28234
638
-11144
-23541
13294
-21158
22820
-3914
16606
15312
-11291
25396
-26740
2504
-22348
-16544
-2330
-31097
21841
-9163
18918
14642
-396
29603
-23948
18597
-28300
-12251
-7888
-32409
22930
-17626
21031
6060
1850
29932
-21616
20839
-28151
-7532
-11350
-21311
16704
-21039
27037
-974
11828
29428
-14610
22262
-23781
164
-11090
-26466
8121
-27396
27031
-5892
15753
23239
-7645
30999
-26170
9294
-14606
-17552
5280
-30018
19916
-12752
20559
13690
-1583
29470
-19739
9279
-23834
-19687
-1878
-28462
20659
-13065
23783
12437
8199
27232
-20927
19611
-26779
-10994
-8972
-27776
18969
-23010
22642
5366
11114
23413
-20256
22544
-23021
-244
-13166
-22445
8460
-21807
22499
-2933
15114
21357
-8748
25801
-26208
6639
-18380
-20707
8982
-27245
23805
-7710
14687
17409
-4258
19801
-23605
12887
-23386
-16317
-258
-29285
23580
-14512
29697
6668
2362
30284
-21365
18373
-24994
-2946
-5802
-30382
16876
-19034
27556
6056
11983
25029
-17767
22383
-23134
-4391
-8871
-24534
16348
-27260
26918
-85
20631
21357
-10590
24741
-25370
7407
-17778
-16398
8558
-26794
23922
-9958
21398
22992
736
26750
-24316
9603
-22501
-14379
-2716
-27653
19637
-13673
20778
13840
3979
29142
-20064
14389
-20932
-10552
-3121
-27259
20196
-21314
24386
8890
5836
30714
-13149
23367
-24970
-6931
-13067
-25517
17989
-24543
27563
-3881
14045
27553
-6571
29271
-22389
4872
-19101
-27530
13624
-29637
27381
-4103
17130
15595
-8416
27828
-26354
9058
-18337
-16071
9623
-28625
27183
-12815
25392
7340
1951
25121
-18857
14054
-23915
-15583
-2937
-27324
20234
-15955
20883
9657
5574
24294
-17688
21072
-26675
-7386
-9880
-22580
13026
-26913
20658
3427
14105
19576
-12200
22724
-19867
501
-17063
-20417
9621
-27427
24762
-3889
20250
19412
-11933
29472
-22581
1142
-19235
-12937
2688
-29977
23926
-10265
19111
18637
-2504
26977
-25612
15417
-23762
-8548
-3656
-29719
17350
-13928
27533
6454
5236
30238
-16640
23059
-28303
-4515
-7918
-20212
20297
-24692
24863
5166
13075
23266
-14935
23017
-27421
2633
-14884
-23536
10683
-23885
28462
-4565
16860
25435
-4822
22019
-23940
11498
-12346
-18153
973
-25839
17370
-10884
25336
20386
-2982
27582
-21340
11678
-26066
-12143
3924
-30854
23135
-20965
25606
8890
782
29493
-20232
14999
-22311
-7199
-5173
-29908
18734
-19681
32752
5705
9616
24807
-12927
19781
-20553
2340
-11851
-25061
12661
-21997
27262
-2559
18092
26169
-14913
23804
-26452
4010
-16312
-22111
9017
-27068
22763
-8699
23949
21470
-4410
24742
-24285
11605
-21414
-16733
3872
-33143
20348
-13744
24761
15334
1929
32752
-20019
20883
-26277
-10548
-6719
-29083
19913
-21757
25838
9281
7518
23814
-12523
23430
-27324
1374
-11095
-23319
13770
-26505
24975
-73
15935
25245
-9813
27107
-29673
-461
-17182
-21741
6505
-25452
28971
-6372
20217
19740
-8330
24351
-22917
10120
-23322
-19446
3378
-27514
23908
-15671
27158
13161
2665
27122
-18186
13537
-19516
-8951
-7479
-26374
18144
-18437
27840
7423
10649
25621
-18959
15775
-21739
690
-10411
-20484
15908
-24856
25078
5378
12961
24677
-10969
20268
-25425
6275
-18328
-20274
8338
-26724
20970
-2329
19024
15901
-2886
28743
-22344
13435
-23625
-12938
1801
-32429
18511
-13520
24378
11756
-4581
30187
-25199
18473
-23727
-11650
-735
-28104
16226
-11884
20688
10285
5742
27136
-15956
23660
-26448
-7709
-12597
-25821
14138
-23042
24101
2803
8157
25790
-15356
24271
-24652
2149
-13851
-20934
11093
-28960
23841
-4458
17791
21427
-6994
29848
-26457
7551
-25481
-20612
2651
-28725
21875
-10992
22316
20087
-5143
30670
-19858
9928
-24960
-9372
1862
-27482
24729
-15122
24688
8126
6477
27389
-18150
20041
-29718
-5782
-13104
-31870
17872
-26590
26579
1028
12849
28523
-14147
22919
-29464
4251
-9820
-24463
10677
-21042
27017
-1154
18314
24331
-7750
27361
-26587
2109
-15356
-19969
6470
-29835
27137
-4100
20982
18851
-1326
26703
-30714
13755
-21251
-14894
3495
-28188
26067
-16223
28995
5578
4987
29356
-24380
16178
-24700
-7278
-5632
-28324
21342
-20100
24958
2253
10305
27301
-15962
25324
-24355
3943
-15065
-23492
9332
-26940
32482
-1454
13999
21224
-7420
26015
-27806
3785
-17439
-18916
6657
-30033
25412
-8523
19250
21454
-7241
30192
-25888
13981
-23057
-18272
4136
-22661
20000
-15329
26668
8938
3355
25202
-23671
18927
-29799
-5207
-8481
-28968
17118
-22775
30647
698
8953
30300
-18186
20060
-29557
-834
-11931
-31264
15825
-23153
29698
2101
16853
20064
-11905
25442
-25635
6274
-14941
-19111
7785
-27331
25992
-5354
15930
20741
-3402
27401
-29890
12273
-24300
-14676
3547
-30571
25078
-11282
