32752
32686
32485
32142
31652
31011
30215
29260
28145
26869
25431
23835
22082
20177
18126
15936
13617
11179
8634
5999
3287
518
-2291
-5116
-7938
-10731
-13470
-16132
-18688
-21111
-23376
-25455
-27322
-28951
-30318
-31401
-32178
-32632
-32747
-32512
-31918
-30960
-29640
-27962
-25935
-23574
-20899
-17936
-14715
-11271
-7646
-3883
-33
3853
7718
11505
15154
18607
21804
24688
27204
29301
30935
32066
32661
32698
32162
31048
29363
27125
24362
21116
17438
13391
9047
4487
-198
-4913
-9560
-14035
-18239
-22071
-25437
-28250
-30434
-31923
-32669
-32637
-31811
-30197
-27818
-24719
-20966
-16643
-11854
-6717
-1366
4057
9402
14517
19251
23461
27012
29788
31690
32645
32605
31555
29508
26511
22644
18019
12773
7071
1099
-4946
-10854
-16417
-21433
-25712
-29088
-31422
-32609
-32587
-31337
-28885
-25307
-20724
-15300
-9239
-2775
3836
10324
16417
21853
26391
29821
31980
32751
32080
29976
26511
21822
16108
9619
2647
-4484
-11435
-17868
-23461
-27926
-31025
-32583
-32500
-30755
-27417
-22635
-16643
-9740
-2285
5327
12683
19374
25020
29290
31923
32749
31694
28795
24199
18153
11000
3156
-4913
-12716
-19768
-25620
-29890
-32287
-32635
-30885
-27125
-21576
-14581
-6589
1877
10250
17958
24464
29301
32113
32675
30923
26953
21026
13548
5050
-3853
-12503
-20250
-26497
-30751
-32664
-32060
-28959
-23574
-16306
-7713
1530
10684
19001
25789
30470
32632
32065
28787
23048
15314
6230
-3427
-12818
-21111
-27558
-31562
-32736
-30944
-26319
-19257
-10387
-518
9434
18526
25884
30785
32731
31501
27185
20177
11145
970
-9335
-18729
-26246
-31095
-32752
-31011
-26022
-18279
-8575
2074
12534
21672
28484
32201
32385
28981
22336
13165
2479
-8520
-18579
-26531
-31437
-32695
-30127
-23998
-15005
-4194
7153
17668
26067
31303
32704
30061
23669
14293
3090
-8536
-19108
-27259
-31918
-32448
-28746
-21261
-10947
849
12564
22624
29656
32678
31243
25511
16238
4683
-7558
-18769
-27359
-32083
-32234
-27754
-19251
-7929
4582
16453
25924
31571
32517
28585
20327
8962
-3798
-16010
-25783
-31584
-32476
-28282
-19622
-7833
5233
17495
26972
32112
32045
26741
17032
4487
-8833
-20712
-29149
-32693
-30710
-23494
-12240
1145
14365
25121
31517
32400
27572
17846
4920
-8917
-21183
-29649
-32751
-29882
-21526
-9184
4888
18082
27926
32545
31030
23625
11700
-2493
-16238
-26874
-32314
-31458
-24431
-12575
1798
15844
26756
32320
31378
24076
11858
-2813
-16937
-27596
-32557
-30748
-22501
-9507
5522
19411
29195
32752
29275
19469
5420
-9840
-22978
-31093
-32360
-26453
-14641
470
15507
27075
32530
30589
21650
7721
-8017
-21930
-30769
-32437
-26497
-14301
1304
16630
28018
32712
29541
19224
4219
-11843
-25038
-32104
-31259
-22664
-8412
7971
22384
31185
32111
24880
11288
-5222
-20420
-30373
-32468
-26114
-12920
3689
19358
29933
32576
26535
13377
-3403
-19294
-29986
-32539
-26208
-12678
4367
20236
30519
32318
25082
10792
-6566
-22097
-31380
-31731
-23001
-7646
9942
24682
32274
30463
19727
3172
-14347
-27647
-32749
-28086
-15000
2619
19478
30464
32205
24119
8629
-9540
-24796
-32396
-29936
-18129
-625
17106
29469
32520
25240
9898
-8639
-24431
-32371
-29847
-17625
362
18260
30192
32196
23557
7087
-11769
-26723
-32739
-27745
-13373
5555
22623
31997
30426
18395
0
-18424
-30478
-31929
-22215
-4691
14512
28618
32598
24987
8444
-11150
-26765
-32752
-26895
-11264
8495
25179
32652
28119
13196
-6639
-24035
-32493
-28803
-14293
5623
23443
32400
29042
14593
-5466
-23454
-32427
-28872
-14108
6169
24067
32560
28266
12818
-7723
-25228
-32712
-27139
-10682
10094
26827
32730
25355
7646
-13212
-28685
-32388
-22739
-3671
16948
30539
31397
19104
-1234
-21080
-32039
-29424
-14287
6969
25270
32744
26124
8208
-13290
-29039
-32147
-21198
-934
19768
31772
29725
14475
-7242
-25753
-32747
-25033
-6023
15735
30385
31233
17833
-3745
-23632
-32667
-26631
-8257
13976
29727
31611
18688
-3034
-23353
-32660
-26497
-7729
14748
30201
31189
17179
-5136
-24993
-32751
-24583
-4411
17945
31522
29603
13072
-9950
-28060
-32226
-20310
1786
23013
32681
25861
5942
-17018
-31342
-29682
-12825
10636
28650
31894
18633
-4317
-25047
-32727
-23286
-1613
20935
32460
26821
6944
-16652
-31390
-29352
-11565
12462
29796
31035
15446
-8560
-27926
-32047
-18606
5076
25987
32563
21104
-2090
-24147
-32742
-23013
-353
22531
32724
24409
2236
-21233
-32617
-25361
-3556
20317
32506
25924
4316
-19823
-32443
-26134
-4520
19770
32453
26005
4169
-20162
-32533
-25527
-3261
20981
32649
24671
1793
-22194
-32741
-23385
240
23742
32719
21604
-2829
-25540
-32465
-19251
5952
27469
31834
16252
-9557
-29372
-30662
-12545
13550
31052
28771
8097
-17786
-32270
-25989
-2926
22052
32752
22166
-2877
-26065
-32205
-17207
9130
29469
30340
11101
-15533
-31846
-26914
-3965
21665
32752
21773
-3926
-26991
-31755
-14917
12111
30885
28512
6553
-19938
-32694
-22848
2849
26589
31831
14854
-12534
-31154
-27889
-4968
21483
32749
20788
-5968
-28494
-30682
-10901
16723
32340
24654
-856
-25768
-31996
-14949
13015
31491
26914
2573
-23683
-32495
-17295
10731
30813
27983
4280
-22642
-32625
-18122
10031
30642
28111
4283
-22816
-32579
-17508
10956
31052
27331
2582
-24178
-32280
-15394
13452
31860
25452
-841
-26497
-31389
-11608
17334
32614
22100
-5947
-29290
-29327
-5958
22194
32581
16807
-12508
-31757
-25350
1596
27268
30778
9200
-19911
-32744
-18725
10699
31332
26114
-712
-26968
-30841
-9042
20317
32714
17716
-12165
-31835
-24686
3320
28537
29570
5472
-23304
-32214
-13583
16701
32667
20538
-9307
-31134
-26025
1663
27926
29885
5765
-23415
-32098
-12605
17992
32750
18589
-12035
-32007
-23551
5882
30088
27413
180
-27233
-30174
-5927
23689
31894
11194
-19688
-32674
-15876
15439
32642
19917
-11121
-31940
-23304
6880
30713
26059
-2828
-29100
-28227
-954
27231
29868
4411
-25221
-31056
-7513
23168
31865
10246
-21155
-32370
-12613
19251
32641
14623
-17509
-32745
-16294
15969
32737
17647
-14664
-32667
-18700
13617
32573
19474
-12842
-32488
-19982
12351
32431
20236
-12150
-32415
-20242
12240
32443
19999
-12622
-32510
-19502
13290
32600
18742
-14236
-32691
-17701
15446
32748
16363
-16899
-32729
-14707
18569
32583
12712
-20418
-32251
-10362
22396
31667
7646
-24443
-30757
-4561
26480
29446
1119
-28415
-27660
2649
30139
25329
-6690
-31529
-22396
10925
32447
18822
-15242
-32750
-14593
19498
32294
9736
-23514
-30944
-4317
27084
28587
-1540
-29976
-25146
7654
31944
20597
-13782
-32745
-14985
19622
32161
8444
-24822
-30022
-1200
28999
26238
-6412
-31762
-20823
13961
