0
0
0
0
0
0
0
0
0
0
0
0
0
0
0
0
0
0
0
0
0
0
0
0
0
0
0
0
0
0
0
0
0
0
0
0
0
0
0
0
0
0
0
0
0
0
0
0
0
0
0
0
0
0
0
0
0
0
0
0
0
0
0
0
0
0
0
0
0
0
0
0
0
0
0
0
0
0
0
0
0
0
0
0
0
0
0
0
0
0
0
0
0
0
0
0
0
0
0
0
0
0
0
0
0
0
0
0
0
0
0
0
0
0
0
0
0
0
0
0
0
0
0
0
0
0
0
0
0
0
0
0
0
0
0
0
0
0
0
0
0
0
0
0
0
0
0
0
0
0
0
0
0
0
0
0
0
0
0
0
0
0
0
0
0
0
0
0
0
0
0
0
0
0
0
0
0
0
0
0
0
0
0
0
0
0
0
0
0
0
0
0
0
0
0
0
0
0
0
0
0
0
0
0
0
0
0
0
0
0
0
0
0
0
0
0
0
0
0
0
0
0
0
0
0
0
0
0
0
0
0
0
0
0
0
0
0
0
0
0
0
0
0
0
0
0
0
0
0
0
0
0
0
0
0
0
0
0
0
0
0
0
0
0
0
0
0
0
0
0
0
0
0
0
0
0
0
0
0
0
0
0
0
0
0
0
0
0
0
0
0
0
0
0
0
0
0
0
0
0
0
0
0
0
0
0
0
0
0
0
0
0
0
0
0
0
0
0
0
0
0
0
0
0
0
0
0
0
0
0
0
0
0
0
0
0
0
0
0
0
0
0
0
0
0
0
0
0
0
0
0
0
0
0
0
0
0
0
0
0
0
0
0
0
0
0
0
0
0
0
0
0
0
0
0
0
0
0
0
0
0
0
0
0
0
0
0
0
0
0
0
0
0
0
0
0
0
0
0
0
0
0
0
0
0
0
0
0
0
0
0
0
0
0
0
0
0
0
0
0
0
0
0
0
0
0
0
0
0
0
0
0
0
0
0
0
0
0
0
0
0
0
0
0
0
0
0
0
0
0
0
0
0
0
0
0
0
0
0
0
0
0
0
0
0
0
0
0
0
0
0
0
0
0
0
0
0
0
0
0
0
0
0
0
0
0
0
0
0
0
0
0
0
0
0
0
0
0
0
0
0
0
0
0
0
0
0
0
0
0
0
0
0
0
0
0
0
0
0
0
0
0
0
0
0
0
0
0
0
0
0
0
0
0
0
0
0
0
0
0
0
0
0
0
0
0
0
0
0
0
0
0
0
0
0
0
0
0
0
0
0
0
0
0
0
0
0
0
0
0
0
0
0
0
0
0
0
0
0
0
0
0
0
0
0
0
0
0
0
0
0
0
0
0
0
0
0
0
0
0
0
0
0
0
0
0
0
0
0
0
0
0
0
0
0
0
0
0
0
0
0
0
0
0
0
0
0
0
0
0
0
0
0
0
0
0
0
0
0
0
0
0
0
0
0
0
0
0
0
0
0
0
0
0
0
0
0
0
0
0
0
0
0
0
0
0
0
0
0
0
0
0
0
0
0
0
0
0
0
0
0
0
0
0
0
0
0
0
0
0
0
0
0
0
0
0
0
0
0
0
0
0
0
0
0
0
0
0
0
0
0
0
0
0
0
0
0
0
0
0
0
0
0
0
0
0
0
0
0
0
0
0
0
0
0
0
0
0
0
0
0
0
0
0
0
0
0
0
0
0
0
0
0
0
0
0
0
0
0
0
0
0
0
0
0
0
0
0
0
0
0
0
0
0
0
0
0
0
0
0
0
0
0
0
0
0
0
0
0
0
0
0
0
0
0
0
0
0
0
0
0
0
0
0
0
0
0
0
0
0
0
0
0
0
0
0
0
0
0
0
0
0
0
0
0
0
0
0
0
0
0
0
0
0
0
0
0
0
0
0
0
0
0
0
0
0
0
0
0
0
0
0
0
0
0
0
0
0
0
0
0
0
0
0
0
0
0
0
0
0
0
0
0
0
0
0
0
0
0
0
0
0
0
0
0
0
0
0
0
0
0
0
0
0
0
0
0
0
0
0
0
0
0
0
0
0
0
0
0
0
0
0
0
0
0
0
0
0
0
0
0
0
0
0
0
0
0
0
0
0
0
0
0
0
0
0
0
0
0
0
0
0
0
0
0
0
0
0
0
0
0
0
0
0
0
0
0
0
0
0
0
0
0
0
0
0
0
0
0
0
0
0
0
0
0
0
0
0
0
0
0
0
0
0
0
0
0
0
0
0
0
0
0
0
0
0
0
0
0
0
16589
1569
10814
10742
1326
16258
997
10123
9886
261
15109
-384
8635
8250
-1564
13222
-2475
6468
5970
-3996
10770
-5088
3827
3265
-6799
8002
-7959
987
423
-9676
5225
-10773
-1729
-2228
-12295
2772
-13196
-3988
-4358
-14330
965
-14916
-5488
-5675
-15503
66
-15685
-5999
-5971
-15625
241
-15361
-5406
-5154
-14634
1525
-13939
-3730
-3277
-12612
3805
-11562
-1145
-545
-9792
6819
-8519
2032
2702
-6539
10182
-5216
5377
6024
-3306
13427
-2128
8409
8936
-579
16072
268
10662
10983
1202
17695
1571
11755
11812
1711
18002
1520
11466
11238
807
16891
59
9782
9293
-1434
14489
-2642
6921
6242
-4702
11145
-6189
3314
2554
-8493
7397
-10017
-446
-1158
-12178
3890
-13473
-3703
-4238
-15102
1264
-15928
-5846
-6098
-16710
45
-16897
-6434
-6344
-16654
525
-16144
-5288
-4858
-14884
2690
-13747
-2556
-1855
-11677
6198
-10114
1296
2141
-7616
10415
-5925
5545
6369
-3490
14525
-2015
9343
9975
-153
17684
787
11884
12185
1657
19198
1839
12583
12475
1487
18687
838
11220
10711
-711
16193
-2081
8019
7209
-4531
12209
-6345
3634
2697
-9176
7594
-11037
-969
-1821
-13612
3405
-15087
-4720
-5281
-16792
659
-17519
-6691
-6814
-17915
81
-17693
-6334
-5973
-16640
1901
-15492
-3650
-2876
-13207
5762
-11392
771
1776
-8416
10763
-6381
5861
6846
-3467
15660
-1739
10319
11023
337
19168
1283
12941
13166
1929
20308
1806
12957
12626
789
18698
-410
10278
9464
-2870
14703
-4849
5565
4483
-8110
9384
-10336
95
-953
-13493
4238
-15332
-4569
-5274
-17464
789
-18364
-7023
-7163
-18808
132
-18472
-6456
-5969
-17044
2569
-15538
-2937
-1952
-12622
7464
-10379
2544
3737
-6843
13381
-4550
8331
9360
-1505
18485
102
12588
13117
1653
21119
2023
13888
13728
1516
20353
485
11715
10898
-1982
16352
-4118
6691
5475
-7779
10381
-10330
444
-766
-13971
4446
-16073
-4901
-5681
-18430
631
-19334
-7436
-7497
-19541
367
-18892
-6170
-5465
-16816
3870
-14808
-1441
-205
-11146
9990
-8480
5123
6450
-4547
16552
-2205
11135
12058
521
21120
1639
14312
14468
2075
21910
1498
13358
12664
-600
18522
-2702
8529
7235
-6592
12183
-9437
1627
231
-13630
5348
-16105
-4641
-5577
-18924
780
-20017
-7706
-7784
-20278
428
-19504
-6211
-5374
-17034
4575
-14670
-648
779
-10442
11617
-7450
6746
8171
-3227
18646
-883
12854
13663
1499
22640
2153
14992
14813
1589
21783
210
12115
11002
-3137
16345
-5993
5379
3809
-10702
8670
-13786
-2264
-3586
-17753
2218
-19661
-7327
-7781
-21042
25
-20861
-7383
-6733
-18950
3247
-16716
-2270
-793
-12342
10516
-9074
5715
7332
-4285
18466
-1543
12796
13771
1333
23264
2185
15493
15330
1670
22487
155
12366
11118
-3591
16402
-6781
4841
3113
-11957
7972
-15249
-3363
-4699
-19253
1469
-20963
-8041
-8281
-21703
332
-20906
-6664
-5653
-17922
5310
-14983
198
1956
-9777
13934
-6220
9028
10608
-1543
21684
719
15116
15657
2301
24350
1992
15080
14260
-478
20368
-3258
8800
7044
-8514
11817
-12276
-355
-2080
-17438
3426
-20083
-7269
-7978
-22219
1
-22213
-7925
-7184
-20033
3654
-17323
-1791
4
-12007
12446
-8126
7707
9525
-2746
21339
25
15032
15790
2252
25058
2217
15755
14973
-138
21269
-3031
9297
7417
-8650
12137
-12701
-544
-2386
-18207
3195
-20941
-7742
-8397
-22913
46
-22594
-7727
-6752
-19721
4828
-16490
-339
1683
-10507
14698
-6377
9867
11659
-1079
23440
1288
16362
16754
2424
25367
1431
14828
13533
-2448
19092
-6228
6115
3958
-12667
8636
-16777
-4109
-5696
-21519
961
-23200
-8969
-8894
-23002
1365
-21063
-5031
-3308
-15968
9769
-11676
5188
7403
-5125
20548
-1430
14718
15885
2008
26232
2482
16854
16127
293
22726
-2868
9934
7794
-9253
12373
-13866
-1254
-3291
-19939
2536
-22697
-8682
-9125
-24038
426
-22891
-6826
-5314
-18429
7786
-14154
3139
5524
-7103
19363
-2842
13947
15433
1540
26580
2561
17475
16919
881
23908
-2194
10903
8690
-8789
13228
-13687
-908
-3097
-20210
2673
-23172
-8883
-9337
-24544
517
-23218
-6688
-5011
-18271
8655
-13631
4149
6667
-6192
20846
-1894
15150
16504
2094
27409
2563
17459
16531
-218
22949
-4046
9043
6548
-11469
10940
-16542
-3381
-5409
-22581
1192
-24723
-9576
-9436
-24333
1908
-21705
-4233
-1998
-15107
12716
-9849
8363
10838
-2545
24664
896
17627
18227
2644
27574
1260
15542
13715
-4182
18799
-9293
3720
1017
-17330
5815
-21770
-7657
-8872
-25395
8
-25238
-8524
-7141
-21167
6700
-16479
2094
4887
-8235
20159
-3162
14871
16578
1863
28384
2711
18273
17319
-141
23823
-4385
9034
6250
-12654
10481
-18176
-4535
-6598
-24308
613
-26000
-9872
-9269
-24240
3548
-20456
-1814
937
-12341
16779
-6580
12258
14581
263
27939
2518
19029
18689
1481
26325
-2018
11869
9150
-10090
13322
-16059
-2498
-4983
-23434
1458
-26081
-10123
-9921
-25511
2463
-22176
-3354
-616
-14108
15597
-8022
11329
13911
-415
27974
2345
19343
19166
1793
27148
-1639
12486
9685
-9948
13782
-16190
-2483
-5082
-23895
1403
-26587
-10303
-10008
-25741
2853
-22044
-2742
191
-13404
16891
-7089
12568
15109
387
29037
2697
19653
19109
1061
26461
-3169
10879
7781
-12346
11716
-18712
-4614
-6978
-25717
491
-27402
-10226
-9281
-24636
5036
-19745
306
3587
-10089
20689
-3886
15727
17776
2132
30462
2807
19123
17653
-1562
23484
-7271
6549
3146
-17340
7331
-23152
-8152
-9688
-27708
72
-27078
-8416
-6311
-20893
10116
-14448
6293
9697
-4437
26308
512
19376
20186
2869
30168
568
15733
12971
-7603
17085
-14608
-641
-3803
-23956
2123
-27546
-10754
-10600
-27118
2894
-23017
-2572
770
-13193
18768
-6174
14472
17067
1444
31081
3003
20134
18853
-799
25035
-6681
7439
3776
-17499
7730
-23807
-8457
-10070
-28581
144
-27618
-8155
-5702
-20420
11783
-13279
8224
11773
-2855
28585
1678
20620
20865
2369
29757
-1428
13516
10102
-11506
13660
-18996
-4417
-7230
-27301
423
-29064
-10614
-9236
-25034
6967
-18752
3007
6876
-7393
25245
-1036
19255
20668
3089
31918
1280
17187
14275
-7315
18220
-15070
-744
-4235
-25362
1820
-28998
-11250
-10731
-27496
4306
-22171
-356
3547
-10723
22700
-3403
17781
19916
2841
32752
2372
19036
16514
-5071
20917
-12827
1509
-2324
-24119
2944
-28767
-11295
-11240
-28631
3246
-23802
-1840
2087
-12293
21710
-4504
17212
19657
2648
0
0
0
0
0
0
0
0
0
0
0
0
0
0
0
0
0
0
0
0
0
0
0
0
0
0
0
0
0
0
0
0
0
0
0
0
0
0
0
0
0
0
0
0
0
0
0
0
0
0
0
0
0
0
0
0
0
0
0
0
0
0
0
0
0
0
0
0
0
0
0
0
0
0
0
0
0
0
0
0
0
0
0
0
0
0
0
0
0
0
0
0
0
0
0
0
0
0
0
0
0
0
0
0
0
0
0
0
0
0
0
0
0
0
0
0
0
0
0
0
0
0
0
0
0
0
0
0
0
0
0
0
0
0
0
0
0
0
0
0
0
0
0
0
0
0
0
0
0
0
0
0
0
0
0
0
0
0
0
0
0
0
0
0
0
0
0
0
0
0
0
0
0
0
0
0
0
0
0
0
0
0
0
0
0
0
0
0
0
0
0
0
0
0
0
0
0
0
0
0
0
0
0
0
0
0
0
0
0
0
0
0
0
0
0
0
0
0
0
0
0
0
0
0
0
0
0
0
0
0
0
0
0
0
0
0
0
0
0
0
0
0
0
0
0
0
0
0
0
0
0
0
0
0
0
0
0
0
0
0
0
0
0
0
0
0
0
0
0
0
0
0
0
0
0
0
0
0
0
0
0
0
0
0
0
0
0
0
0
0
0
0
0
0
0
0
0
0
0
0
0
0
0
0
0
0
0
0
0
0
0
0
0
0
0
0
0
0
0
0
0
0
0
0
0
0
0
0
0
0
0
0
0
0
0
0
0
0
0
0
0
0
0
0
0
0
0
0
0
0
0
0
0
0
0
0
0
0
0
0
0
0
0
0
0
0
0
0
0
0
0
0
0
0
0
0
0
0
0
0
0
0
0
0
0
0
0
0
0
0
0
0
0
0
0
0
0
0
0
0
0
0
0
0
0
0
0
0
0
0
0
0
0
0
0
0
0
0
0
0
0
0
0
0
0
0
0
0
0
0
0
0
0
0
0
0
0
0
0
0
0
0
0
0
0
0
0
0
0
0
0
0
0
0
0
0
0
0
0
0
0
0
0
0
0
0
0
0
0
0
0
0
0
0
0
0
0
0
0
0
0
0
0
0
0
0
0
0
0
0
0
0
0
0
0
0
0
0
0
0
0
0
0
0
0
0
0
0
0
0
0
0
0
0
0
0
0
0
0
0
0
0
0
0
0
0
0
0
0
0
0
0
0
0
0
0
0
0
0
0
0
0
0
0
0
0
0
0
0
0
0
0
0
0
0
0
0
0
0
0
0
0
0
0
0
0
0
0
0
0
0
0
0
0
0
0
0
0
0
0
0
0
0
0
0
0
0
0
0
0
0
0
0
0
0
0
0
0
0
0
0
0
0
0
0
0
0
0
0
0
0
0
0
0
0
0
0
0
0
0
0
0
0
0
0
0
0
0
0
0
0
0
0
0
0
0
0
0
0
0
0
0
0
0
0
0
0
0
0
0
0
0
0
0
0
0
0
0
0
0
0
0
0
0
0
0
0
0
0
0
0
0
0
0
0
0
0
0
0
0
0
0
0
0
0
0
0
0
0
0
0
0
0
0
0
0
0
0
0
0
0
0
0
0
0
0
0
0
0
0
0
0
0
0
0
0
0
0
0
0
0
0
0
0
0
0
0
0
0
0
0
0
0
0
0
0
0
0
0
0
0
0
0
0
0
0
0
0
0
0
0
0
0
0
0
0
0
0
0
0
0
0
0
0
0
0
0
0
0
0
0
0
0
0
0
0
0
0
0
0
0
0
0
0
0
0
0
0
0
0
0
0
0
0
0
0
0
0
0
0
0
0
0
0
0
0
0
0
0
0
0
0
0
0
0
0
0
0
0
0
0
0
0
0
0
0
0
0
0
0
0
0
0
0
0
0
0
0
0
0
0
0
0
0
0
0
0
0
0
0
0
0
0
0
0
0
0
0
0
0
0
0
0
0
0
0
0
0
0
0
0
0
0
0
0
0
0
0
0
0
0
0
0
0
0
0
0
0
0
0
0
0
0
0
0
0
0
0
0
0
0
0
0
0
0
0
0
0
0
0
0
0
0
0
0
0
0
0
0
0
0
0
0
0
0
0
0
0
0
0
0
0
0
0
0
0
0
0
0
0
0
0
0
0
0
0
0
0
0
0
0
0
0
0
0
0
0
0
0
0
0
0
0
0
0
0
0
0
0
0
0
0
0
0
0
0
0
0
0
0
0
0
0
0
0
0
0
0
0
0
0
0
0
0
0
0
0
0
0
0
