 12394 
 30332 
 -7800 
 31824 
-25015 
 21163 
-32677 
  2420 
-27859 
-17248 
-12402 
-30328 
 26509 
 19258 
 10129 
 31161 
-10120 
 31164 
-26504 
 19265 
-32766 
     9 
-26515 
-19250 
-10138 
-31158 
 10111 
-31167 
 26498 
-19273 
 32766 
   -19 
 26520 
 19243 
 10147 
 31155 
-10102 
 31170 
-26493 
 19281 
-32766 
    28 
-26526 
-19235 
-10156 
-31152 
 10093 
-31173 
 26487 
-19288 
 32766 
   -38 
 26531 
 19227 
 10165 
 31149 
-10084 
 31176 
-26482 
 19296 
-32766 
    47 
-26537 
-19220 
-10174 
-31147 
 10075 
-31179 
 26476 
-19304 
 32766 
   -57 
 26543 
 19212 
 10183 
 31144 
-10066 
 31181 
-26471 
 19311 
-32766 
    66 
-26548 
-19204 
-10192 
-31141 
 10057 
-31184 
 26465 
-19319 
 32766 
   -75 
 26554 
 19197 
 10201 
 31138 
-10048 
 31187 
-26459 
 19326 
-32766 
    85 
-26559 
-19189 
-10209 
-31135 
 10039 
-31190 
 26454 
-19334 
 32766 
   -94 
 26565 
 19182 
 10218 
 31132 
-10030 
 31193 
-26448 
 19342 
-32766 
   104 
-26570 
-19174 
-10227 
-31129 
 10021 
-31196 
 26443 
-19349 
 32766 
  -113 
 26576 
 19166 
 10236 
 31126 
-10012 
 31199 
-26437 
 19357 
-32766 
   123 
-26581 
-19159 
-10245 
-31123 
 10003 
-31202 
 26432 
-19364 
 32766 
  -132 
 26587 
 19151 
 10254 
 31120 
 -9994 
 31205 
-26426 
 19372 
-32766 
   141 
-26592 
-19143 
-10263 
-31117 
  9985 
-31207 
 26420 
-19380 
 32766 
  -151 
 26598 
 19136 
 10272 
 31114 
 -9976 
 31210 
-26415 
 19387 
-32766 
   160 
-26603 
-19128 
-10281 
-31111 
  9967 
-31213 
 26409 
-19395 
 32766 
  -170 
 26609 
 19120 
 10290 
 31108 
 -9958 
 31216 
-26404 
 19402 
-32766 
   179 
-26614 
-19113 
-10299 
-31105 
  9949 
-31219 
 26398 
-19410 
 30395 
-12237 
 32483 
 -4294 
 32531 
  3917 
 30535 
 11883 
 26622 
 19102 
 21036 
 25122 
 14128 
 29563 
  6334 
 32148 
 -1859 
 32713 
 -9934 
 31224 
-17386 
 27773 
-23746 
 22578 
-28614 
 15964 
-31685 
  8348 
-32765 
   207 
-31788 
 -7946 
-28814 
-15601 
-24030 
-22275 
-17736 
-27551 
-10329 
-31095 
 -2273 
-32687 
  5926 
-32226 
 13753 
-29740 
 20716 
-25386 
 26378 
-19438 
 30382 
-12269 
 32479 
 -4329 
 32535 
  3883 
 30548 
 11851 
 26642 
 19074 
 21062 
 25100 
 14160 
 29549 
  6368 
 32141 
 -1824 
 32715 
 -9902 
 31234 
-17357 
 27791 
-23722 
 22603 
-28597 
 15994 
-31676 
  8381 
-32765 
   242 
-31796 
 -7913 
-28830 
-15570 
-24053 
-22250 
-17765 
-27532 
-10362 
-31085 
 -2307 
-32685 
  5892 
-32232 
 13722 
-29754 
 20689 
-25408 
 26357 
-19466 
 30369 
-12301 
 32474 
 -4363 
 32539 
  3849 
 30560 
 11819 
 26662 
 19046 
 21089 
 25078 
 14191 
 29534 
  6402 
 32135 
 -1790 
 32717 
 -9869 
 31245 
-17328 
 27809 
-23698 
 22628 
-28580 
 16024 
-31667 
  8415 
-32765 
   276 
-31805 
 -7879 
-28847 
-15540 
-24077 
-22225 
-17794 
-27513 
-10394 
-31074 
 -2341 
-32682 
  5858 
-32238 
 13690 
-29769 
 20662 
-25430 
 26337 
-19493 
 30356 
-12333 
 32470 
 -4397 
 32543 
  3814 
 30573 
 11786 
 26682 
 19018 
 21115 
 25055 
 14222 
 29519 
  6435 
 32128 
 -1755 
 32719 
 -9836 
 31255 
-17298 
 27828 
-23674 
 22653 
-28563 
 16055 
-31658 
  8448 
-32765 
   311 
-31813 
 -7846 
-28863 
-15509 
-24100 
-22199 
-17823 
-27494 
-10427 
-31063 
 -2376 
-32680 
  5824 
-32244 
 13659 
-29783 
 20636 
-25452 
 31654 
 -8463 
 30584 
 11757 
 17834 
 27488 
 -1727 
 32720 
-20628 
 25458 
-31652 
  8472 
-30587 
-11748 
-17842 
-27482 
  1718 
-32721 
 20621 
-25463 
 31649 
 -8481 
 30591 
 11740 
 17850 
 27477 
 -1708 
 32721 
-20614 
 25469 
-31647 
  8491 
-30594 
-11731 
-17858 
-27472 
  1699 
-32722 
 20606 
-25475 
 31644 
 -8500 
 30597 
 11722 
 17865 
 27467 
 -1689 
 32722 
-20599 
 25481 
-31642 
  8509 
-30601 
-11713 
-17873 
-27462 
  1680 
-32723 
 20592 
-25487 
 31639 
 -8518 
 30604 
 11704 
 17881 
 27457 
 -1671 
 32723 
-20584 
 25493 
-31637 
  8527 
-30608 
-11696 
-17889 
-27452 
  1661 
-32724 
 20577 
-25499 
 31635 
 -8536 
 30611 
 11687 
 17897 
 27446 
 -1652 
 32724 
-20570 
 25505 
-31632 
  8545 
-30614 
-11678 
-17905 
-27441 
  1642 
-32725 
 20562 
-25511 
 31630 
 -8554 
 30618 
 11669 
 17913 
 27436 
 -1633 
 32725 
-20555 
 25517 
-31627 
  8563 
-30621 
-11660 
-17921 
-27431 
  1623 
-32726 
 20548 
-25523 
 31625 
 -8572 
 30624 
 11652 
 17929 
 27426 
 -1614 
 32726 
-20540 
 25529 
-31622 
  8582 
-30628 
-11643 
-17937 
-27421 
  1605 
-32727 
 20533 
-25534 
 31620 
 -8591 
 30631 
 11634 
 17944 
 27415 
 -1595 
 32727 
-20526 
 25540 
-31617 
  8600 
-30634 
-11625 
-17952 
-27410 
  1586 
-32728 
 20518 
-25546 
 31615 
 -8609 
 30638 
 11616 
 17960 
 27405 
 -1576 
 32728 
-20511 
 25552 
-31612 
  8618 
-30641 
-11607 
-17968 
-27400 
  1567 
-32729 
 20504 
-25558 
 31610 
 -8627 
 30644 
 11599 
 17976 
 27395 
 -1558 
 32729 
-20496 
 25564 
-31607 
  8636 
-30648 
-11590 
-17984 
-27390 
  1548 
-32729 
  9638 
-31317 
 17122 
-27937 
 23530 
-22802 
 28461 
-16235 
 31604 
 -8648 
 32762 
  -518 
 31862 
  7644 
 28960 
 15327 
 24240 
 22046 
 17997 
 27381 
 10623 
 30996 
  2583 
 32664 
 -5620 
 32280 
-13470 
 29869 
-20474 
 25582 
-26192 
 19687 
-30265 
 12556 
-32436 
  4637 
-32570 
 -3574 
-30659 
-11560 
-26822 
-18821 
-21299 
-24899 
-14439 
-29413 
 -6672 
-32079 
  1514 
-32731 
  9605 
-31327 
 17092 
-27955 
 23506 
-22827 
 28444 
-16265 
 31595 
 -8682 
 32761 
  -553 
 31870 
  7611 
 28977 
 15296 
 24263 
 22021 
 18026 
 27362 
 10656 
 30985 
  2617 
 32661 
 -5586 
 32286 
-13439 
 29883 
-20447 
 25603 
-26171 
 19715 
-30251 
 12588 
-32431 
  4671 
-32574 
 -3540 
-30671 
-11528 
-26841 
-18792 
-21326 
-24876 
-14470 
-29398 
 -6706 
-32072 
  1479 
-32733 
  9572 
-31337 
 17063 
-27973 
 23482 
-22851 
 28427 
-16295 
 31586 
 -8715 
 32761 
  -587 
 31878 
  7577 
 28993 
 15265 
 24286 
 21995 
 18055 
 27343 
 10689 
 30974 
  2652 
 32659 
 -5552 
 32292 
-13407 
 29897 
-20420 
 25625 
-26150 
 19743 
-30238 
 12620 
-32426 
  4705 
-32578 
 -3505 
-30683 
-11496 
-26861 
-18764 
-21352 
-24854 
-14501 
-29382 
 -6740 
-32065 
  1445 
-32734 
  9539 
-31347 
 17033 
-27991 
 23458 
-22876 
 28410 
-16325 
 31577 
 -8748 
 32760 
  -622 
 31886 
  7543 
 29009 
 15235 
 24310 
 21969 
 18083 
 27324 
 10721 
 30962 
  2686 
 32656 
 -5518 
 32298 
-13376 
 29912 
-20393 
 25646 
-26130 
 19770 
-30225 
 12652 
-32421 
  4739 
-32582 
 -3471 
-30695 
-11463 
-26881 
-18736 
-21378 
-24831 
-14532 
-29367 
 -6774 
-32058 
 13361 
-29918 
 28394 
-16352 
 32583 
  3459 
 24329 
 21948 
  6783 
 32056 
-13353 
 29922 
-28389 
 16360 
-32584 
 -3449 
-24335 
-21941 
 -6792 
-32054 
 13344 
-29926 
 28385 
-16368 
 32585 
  3440 
 24341 
 21934 
  6802 
 32052 
-13336 
 29929 
-28380 
 16377 
-32586 
 -3430 
-24348 
-21927 
 -6811 
-32050 
 13327 
-29933 
 28375 
-16385 
 32587 
  3421 
 24354 
 21920 
  6820 
 32048 
-13318 
 29937 
-28370 
 16393 
-32588 
 -3412 
-24360 
-21913 
 -6829 
-32046 
 13310 
-29941 
 28366 
-16401 
 32589 
  3402 
 24366 
 21906 
  6838 
 32044 
-13301 
 29945 
-28361 
 16409 
-32590 
 -3393 
-24373 
-21899 
 -6848 
-32042 
 13292 
-29949 
 28356 
-16417 
 32591 
  3384 
 24379 
 21892 
  6857 
 32041 
-13284 
 29952 
-28352 
 16426 
-32592 
 -3374 
-24385 
-21885 
 -6866 
-32039 
 13275 
-29956 
 28347 
-16434 
 32593 
  3365 
 24392 
 21878 
  6875 
 32037 
-13267 
 29960 
-28342 
 16442 
-32594 
 -3355 
-24398 
-21871 
 -6885 
-32035 
 13258 
-29964 
 28337 
-16450 
 32595 
  3346 
 24404 
 21864 
  6894 
 32033 
-13249 
 29968 
-28333 
 16458 
-32596 
 -3337 
-24410 
-21857 
 -6903 
-32031 
 13241 
-29972 
 28328 
-16466 
 32597 
  3327 
 24417 
 21850 
  6912 
 32029 
-13232 
 29975 
-28323 
 16475 
-32598 
 -3318 
-24423 
-21843 
 -6921 
-32027 
 13224 
-29979 
 28318 
-16483 
 32599 
  3309 
 24429 
 21836 
  6931 
 32025 
-13215 
 29983 
-28314 
 16491 
-32599 
 -3299 
-24436 
-21829 
 -6940 
-32023 
 13206 
-29987 
 28309 
-16499 
 32600 
  3290 
 24442 
 21822 
  6949 
 32021 
-13198 
 29991 
-28304 
 16507 
-32601 
 -3280 
-24448 
-21815 
-18256 
-27209 
-10917 
-30894 
 -2893 
-32638 
  5314 
-32332 
 13186 
-29996 
 20230 
-25775 
 26004 
-19935 
 30144 
-12843 
 32391 
 -4944 
 32603 
  3265 
 30767 
 11269 
 26999 
 18565 
 21535 
 24695 
 14718 
 29274 
  6977 
 32015 
 -1203 
 32744 
 -9307 
 31416 
-16826 
 28116 
-23289 
 23049 
-28288 
 16534 
-31511 
  8981 
-32755 
   864 
-31941 
 -7308 
-29120 
-15020 
-24471 
-21789 
-18285 
-27190 
-10950 
-30882 
 -2927 
-32635 
  5280 
-32338 
 13155 
-30009 
 20203 
-25796 
 25983 
-19962 
 30131 
-12875 
 32386 
 -4979 
 32606 
  3230 
 30779 
 11236 
 27018 
 18537 
 21561 
 24673 
 14749 
 29259 
  7010 
 32007 
 -1168 
 32745 
 -9274 
 31426 
-16797 
 28133 
-23264 
 23073 
-28271 
 16564 
-31502 
  9014 
-32754 
   898 
-31948 
 -7274 
-29136 
-14990 
-24494 
-21763 
-18313 
-27170 
-10982 
-30871 
 -2961 
-32632 
  5245 
-32343 
 13123 
-30023 
 20176 
-25817 
 25962 
-19990 
 30117 
-12907 
 32380 
 -5013 
 32610 
  3196 
 30791 
 11204 
 27038 
 18508 
 21587 
 24650 
 14780 
 29243 
  7044 
 32000 
 -1134 
 32746 
 -9241 
 31436 
-16767 
 28151 
-23240 
 23098 
-28253 
 16594 
-31492 
  9048 
-32753 
   933 
-31956 
 -7240 
-29152 
-14959 
-24517 
-21738 
-18342 
-27151 
-11015 
-30859 
 -2996 
-32629 
  5211 
-32349 
 13091 
-30037 
 20149 
-25839 
 25941 
-20017 
 30103 
-12938 
 32375 
 -5047 
 32613 
  3162 
 30803 
 11172 
 27058 
 18480 
 21613 
 24627 
 14810 
 29228 
  7078 
 31992 
 -1099 
 32748 
 -9207 
 31446 
-16737 
 28169 
-23216 
 23122 
-28236 
 16624 
-31483 
  9081 
-32752 
   967 
-31964 
 -7207 
-29168 
-14928 
-14824 
-29221 
  5180 
-32354 
 23207 
-23131 
 32371 
 -5075 
 29172 
 14920 
 14833 
 29216 
 -5171 
 32355 
-23200 
 23138 
-32369 
  5084 
-29176 
-14911 
-14841 
-29212 
  5162 
-32357 
 23193 
-23145 
 32368 
 -5093 
 29181 
 14903 
 14850 
 29208 
 -5152 
 32358 
-23187 
 23151 
-32366 
  5103 
-29185 
-14894 
-14858 
-29204 
  5143 
-32360 
 23180 
-23158 
 32365 
 -5112 
 29189 
 14886 
 14866 
 29199 
 -5134 
 32361 
-23174 
 23165 
-32363 
  5121 
-29194 
-14878 
-14875 
-29195 
  5124 
-32363 
 23167 
-23171 
 32362 
 -5131 
 29198 
 14869 
 14883 
 29191 
 -5115 
 32364 
-23160 
 23178 
-32360 
  5140 
-29202 
-14861 
-14892 
-29186 
  5106 
-32366 
 23154 
-23185 
 32359 
 -5149 
 29206 
 14852 
 14900 
 29182 
 -5097 
 32367 
-23147 
 23191 
-32357 
  5159 
-29211 
-14844 
-14908 
-29178 
  5087 
-32369 
 23140 
-23198 
 32356 
 -5168 
 29215 
 14836 
 14917 
 29174 
 -5078 
 32370 
-23133 
 23205 
-32354 
  5177 
-29219 
-14827 
-14925 
-29169 
  5069 
-32372 
 23127 
-23211 
 32353 
 -5187 
 29223 
 14819 
 14934 
 29165 
 -5059 
 32373 
-23120 
 23218 
-32351 
  5196 
-29228 
-14810 
-14942 
-29161 
  5050 
-32374 
 23113 
-23225 
 32350 
 -5205 
 29232 
 14802 
 14950 
 29156 
 -5041 
 32376 
-23107 
 23231 
-32348 
  5214 
-29236 
-14794 
-14959 
-29152 
  5031 
-32377 
 23100 
-23238 
 32347 
 -5224 
 29241 
 14785 
 14967 
 29148 
 -5022 
 32379 
-23093 
 23244 
-32345 
  5233 
-29245 
-14777 
-14976 
-29143 
  5013 
-32380 
 23087 
-23251 
 32344 
 -5242 
 29249 
 14768 
 14984 
 29139 
 -5003 
 32382 
-23080 
 23258 
-32342 
  5252 
-32632 
 -2955 
-30873 
-10976 
-27174 
-18308 
-21768 
-24490 
-14995 
-29133 
 -7280 
-31947 
   892 
-32754 
  9008 
-31503 
 16559 
-28274 
 23069 
-23269 
 28130 
-16802 
 31424 
 -9280 
 32745 
 -1175 
 32009 
  7004 
 29262 
 14743 
 24677 
 21556 
 18542 
 27015 
 11242 
 30777 
  3237 
 32606 
 -4972 
 32387 
-12869 
 30133 
-19957 
 25987 
-25792 
 20208 
-30007 
 13160 
-32337 
  5286 
-32636 
 -2921 
-30884 
-10944 
-27193 
-18279 
-21794 
-24467 
-15026 
-29118 
 -7314 
-31939 
   858 
-32755 
  8975 
-31513 
 16529 
-28292 
 23044 
-23293 
 28112 
-16832 
 31415 
 -9313 
 32744 
 -1209 
 32016 
  6970 
 29277 
 14712 
 24700 
 21530 
 18570 
 26995 
 11275 
 30765 
  3271 
 32602 
 -4938 
 32392 
-12837 
 30147 
-19930 
 26008 
-25771 
 20235 
-29993 
 13192 
-32331 
  5320 
-32639 
 -2886 
-30896 
-10911 
-27212 
-18251 
-21820 
-24444 
-15057 
-29102 
 -7348 
-31932 
   823 
-32756 
  8942 
-31522 
 16499 
-28309 
 23020 
-23317 
 28095 
-16861 
 31405 
 -9346 
 32742 
 -1244 
 32023 
  6937 
 29293 
 14681 
 24722 
 21504 
 18599 
 26976 
 11307 
 30753 
  3305 
 32599 
 -4904 
 32397 
-12806 
 30160 
-19903 
 26029 
-25750 
 20263 
-29979 
 13224 
-32326 
  5354 
-32642 
 -2852 
-30907 
-10879 
-27232 
-18222 
-21846 
-24421 
-15087 
-29086 
 -7381 
-31924 
   788 
-32757 
  8909 
-31532 
 16469 
-28326 
 22995 
-23342 
 28077 
-16891 
 31395 
 -9379 
 32741 
 -1278 
 32031 
  6903 
 29308 
 14651 
 24745 
 21478 
 18627 
 26956 
 11340 
 30741 
  3340 
 32595 
 -4870 
 32402 
-12774 
 30174 
-19875 
 26050 
-25728 
 20290 
-29965 
 13255 
-32034 
 -6888 
-21869 
-24400 
 -3352 
-32594 
 16445 
-28341 
 29961 
-13264 
 32036 
  6878 
 21876 
 24394 
  3362 
 32593 
-16436 
 28345 
-29958 
 13272 
-32038 
 -6869 
-21883 
-24387 
 -3371 
-32592 
 16428 
-28350 
 29954 
-13281 
 32040 
  6860 
 21890 
 24381 
  3380 
 32591 
-16420 
 28355 
-29950 
 13290 
-32042 
 -6851 
-21897 
-24375 
 -3390 
-32590 
 16412 
-28359 
 29946 
-13298 
 32044 
  6842 
 21904 
 24369 
  3399 
 32589 
-16404 
 28364 
-29942 
 13307 
-32046 
 -6832 
-21911 
-24362 
 -3409 
-32588 
 16396 
-28369 
 29938 
-13315 
 32048 
  6823 
 21918 
 24356 
  3418 
 32587 
-16388 
 28374 
-29935 
 13324 
-32050 
 -6814 
-21925 
-24350 
 -3427 
-32586 
 16379 
-28378 
 29931 
-13333 
 32052 
  6805 
 21932 
 24343 
  3437 
 32585 
-16371 
 28383 
-29927 
 13341 
-32054 
 -6795 
-21939 
-24337 
 -3446 
-32584 
 16363 
-28388 
 29923 
-13350 
 32056 
  6786 
 21946 
 24331 
  3455 
 32583 
-16355 
 28392 
-29919 
 13359 
-32057 
 -6777 
-21953 
-24324 
 -3465 
-32582 
 16347 
-28397 
 29915 
-13367 
 32059 
  6768 
 21960 
 24318 
  3474 
 32581 
-16339 
 28402 
-29912 
 13376 
-32061 
 -6759 
-21967 
-24312 
 -3484 
-32580 
 16330 
-28407 
 29908 
-13384 
 32063 
  6749 
 21974 
 24305 
  3493 
 32579 
-16322 
 28411 
-29904 
 13393 
-32065 
 -6740 
-21981 
-24299 
 -3502 
-32578 
 16314 
-28416 
 29900 
-13402 
 32067 
  6731 
 21988 
 24293 
  3512 
 32577 
-16306 
 28421 
-29896 
 13410 
-32069 
 -6722 
-21995 
-24286 
 -3521 
-32576 
 16298 
-28425 
 29892 
-13419 
 32071 
  6712 
 22002 
 24280 
  3530 
 32575 
-16290 
 28430 
-22847 
 23487 
-27969 
 17068 
-31335 
  9578 
-32732 
  1485 
-32074 
 -6700 
-29400 
-14465 
-24880 
-21321 
-18798 
-26838 
-11534 
-30669 
 -3546 
-32574 
  4665 
-32432 
 12583 
-30254 
 19710 
-26175 
 25599 
-20452 
 29881 
-13445 
 32285 
 -5592 
 32662 
  2611 
 30987 
 10650 
 27365 
 18021 
 22025 
 24259 
 15302 
 28974 
  7617 
 31868 
  -547 
 32761 
 -8676 
 31597 
-16260 
 28447 
-22822 
 23511 
-27951 
 17098 
-31325 
  9611 
-32731 
  1520 
-32081 
 -6666 
-29416 
-14434 
-24903 
-21295 
-18826 
-26818 
-11566 
-30657 
 -3580 
-32570 
  4631 
-32437 
 12551 
-30267 
 19682 
-26196 
 25578 
-20479 
 29867 
-13476 
 32279 
 -5626 
 32665 
  2576 
 30998 
 10618 
 27384 
 17992 
 22051 
 24236 
 15332 
 28958 
  7650 
 31860 
  -512 
 32762 
 -8642 
 31606 
-16230 
 28464 
-22797 
 23535 
-27933 
 17127 
-31315 
  9644 
-32729 
  1554 
-32088 
 -6632 
-29431 
-14403 
-24925 
-21268 
-18854 
-26798 
-11599 
-30644 
 -3615 
-32566 
  4596 
-32442 
 12519 
-30280 
 19655 
-26216 
 25556 
-20506 
 29852 
-13507 
 32273 
 -5661 
 32667 
  2542 
 31009 
 10585 
 27403 
 17963 
 22076 
 24212 
 15363 
 28941 
  7684 
 31852 
  -477 
 32763 
 -8609 
 31615 
-16199 
 28481 
-22773 
 23559 
-27915 
 17157 
-31305 
  9677 
-32727 
  1589 
-32095 
 -6599 
-29446 
-14372 
-24948 
-21242 
-18882 
-26778 
-11631 
-30632 
 -3649 
-32562 
  4562 
-32447 
 12487 
-30293 
 19627 
-26237 
 25534 
-20533 
 29838 
-13539 
 32267 
 -5695 
 32670 
  2508 
 31020 
 10552 
 27422 
 17934 
 22102 
 24189 
 15393 
 28925 
  7717 
 31844 
  -443 
 32763 
 -8576 
 31624 
-25525 
 20545 
-32726 
  1620 
-27429 
-17923 
-11657 
-30622 
  8566 
-31626 
 25519 
-20553 
 32725 
 -1630 
 27434 
 17915 
 11666 
 30619 
 -8557 
 31629 
-25513 
 20560 
-32725 
  1639 
-27440 
-17908 
-11675 
-30615 
  8548 
-31631 
 25507 
-20567 
 32725 
 -1649 
 27445 
 17900 
 11684 
 30612 
 -8539 
 31634 
-25501 
 20575 
-32724 
  1658 
-27450 
-17892 
-11693 
-30609 
  8530 
-31636 
 25495 
-20582 
 32724 
 -1667 
 27455 
 17884 
 11701 
 30605 
 -8521 
 31639 
-25489 
 20589 
-32723 
  1677 
-27460 
-17876 
-11710 
-30602 
  8512 
-31641 
 25483 
-20597 
 32723 
 -1686 
 27465 
 17868 
 11719 
 30599 
 -8503 
 31644 
-25477 
 20604 
-32722 
  1696 
-27470 
-17860 
-11728 
-30595 
  8494 
-31646 
 25471 
-20611 
 32722 
 -1705 
 27476 
 17852 
 11737 
 30592 
 -8485 
 31648 
-25465 
 20619 
-32721 
  1714 
-27481 
-17844 
-11745 
-30588 
  8475 
-31651 
 25459 
-20626 
 32721 
 -1724 
 27486 
 17837 
 11754 
 30585 
 -8466 
 31653 
-25454 
 20633 
-32720 
  1733 
-27491 
-17829 
-11763 
-30582 
  8457 
-31656 
 25448 
-20640 
 32720 
 -1743 
 27496 
 17821 
 11772 
 30578 
 -8448 
 31658 
-25442 
 20648 
-32719 
  1752 
-27501 
-17813 
-11781 
-30575 
  8439 
-31661 
 25436 
-20655 
 32719 
 -1761 
 27506 
 17805 
 11789 
 30572 
 -8430 
 31663 
-25430 
 20662 
-32718 
  1771 
-27511 
-17797 
-11798 
-30568 
  8421 
-31665 
 25424 
-20670 
 32718 
 -1780 
 27517 
 17789 
 11807 
 30565 
 -8412 
 31668 
-25418 
 20677 
-32717 
  1790 
-27522 
-17781 
-11816 
-30561 
  8403 
-31670 
 25412 
-20684 
 32717 
 -1799 
 27527 
 17773 
 11825 
 30558 
  3855 
 32538 
 -4357 
 32475 
-12295 
 30372 
-19461 
 26361 
-25404 
 20694 
-29752 
 13728 
-32231 
  5899 
-32685 
 -2301 
-31087 
-10356 
-27535 
-17760 
-22255 
-24049 
-15576 
-28827 
 -7919 
-31795 
   236 
-32765 
  8375 
-31678 
 15989 
-28600 
 22598 
-23726 
 27788 
-17362 
 31232 
 -9908 
 32715 
 -1830 
 32143 
  6362 
 29551 
 14154 
 25104 
 21057 
 19080 
 26638 
 11857 
 30546 
  3889 
 32534 
 -4322 
 32480 
-12263 
 30385 
-19433 
 26381 
-25382 
 20721 
-29737 
 13759 
-32224 
  5933 
-32688 
 -2266 
-31097 
-10323 
-27554 
-17731 
-22280 
-24025 
-15606 
-28811 
 -7952 
-31786 
   201 
-32765 
  8342 
-31686 
 15959 
-28617 
 22573 
-23750 
 27770 
-17392 
 31222 
 -9940 
 32713 
 -1865 
 32149 
  6328 
 29566 
 14123 
 25126 
 21031 
 19108 
 26618 
 11889 
 30533 
  3924 
 32530 
 -4288 
 32484 
-12231 
 30398 
-19405 
 26402 
-25360 
 20748 
-29723 
 13790 
-32218 
  5967 
-32690 
 -2232 
-31108 
-10290 
-27573 
-17702 
-22305 
-24002 
-15637 
-28794 
 -7986 
-31778 
   166 
-32766 
  8308 
-31695 
 15928 
-28634 
 22548 
-23774 
 27751 
-17421 
 31211 
 -9973 
 32711 
 -1899 
 32156 
  6294 
 29581 
 14092 
 25148 
 21004 
 19136 
 26598 
 11921 
 30520 
  3958 
 32526 
 -4254 
 32489 
-12199 
 30411 
-19377 
 26422 
-25338 
 20774 
-29708 
 13822 
-32212 
  6001 
-32692 
 -2197 
-31119 
-10257 
-27591 
-17673 
-22330 
-23978 
-15667 
-28778 
 -8019 
-31769 
   132 
-32766 
  8275 
-31704 
 15898 
-28651 
 22523 
-23798 
 27733 
-17450 
 31201 
-10006 
 32709 
 -1934 
 32162 
  6260 
 29596 
 14060 
 25170 
 20978 
 19164 
 26578 
  -116 
 32766 
-19352 
 26441 
-31197 
 10018 
-31128 
-10230 
-19171 
-26572 
   107 
-32766 
 19344 
-26446 
 31194 
-10027 
 31131 
 10221 
 19179 
 26566 
   -97 
 32766 
-19337 
 26452 
-31191 
 10036 
-31134 
-10212 
-19187 
-26561 
    88 
-32766 
 19329 
-26458 
 31188 
-10045 
 31137 
 10203 
 19194 
 26555 
   -79 
 32766 
-19321 
 26463 
-31185 
 10054 
-31140 
-10195 
-19202 
-26550 
    69 
-32766 
 19314 
-26469 
 31182 
-10063 
 31143 
 10186 
 19210 
 26544 
   -60 
 32766 
-19306 
 26474 
-31180 
 10072 
-31146 
-10177 
-19217 
-26539 
    50 
-32766 
 19298 
-26480 
 31177 
-10081 
 31149 
 10168 
 19225 
 26533 
   -41 
 32766 
-19291 
 26485 
-31174 
 10090 
-31151 
-10159 
-19232 
-26528 
    31 
-32766 
 19283 
-26491 
 31171 
-10099 
 31154 
 10150 
 19240 
 26522 
   -22 
 32766 
-19276 
 26496 
-31168 
 10108 
-31157 
-10141 
-19248 
-26517 
    13 
-32766 
 19268 
-26502 
 31165 
-10117 
 31160 
 10132 
 19255 
 26511 
    -3 
 32766 
-19260 
 26508 
-31162 
 10126 
-31163 
-10123 
-19263 
-26506 
    -6 
-32766 
 19253 
-26513 
 31159 
-10135 
 31166 
 10114 
 19271 
 26500 
    16 
 32766 
-19245 
 26519 
-31156 
 10144 
-31169 
-10105 
-19278 
-26495 
   -25 
-32766 
 19238 
-26524 
 31153 
-10153 
 31172 
 10096 
 19286 
 26489 
    35 
 32766 
-19230 
 26530 
-31150 
 10162 
-31175 
-10087 
-19293 
-26483 
   -44 
-32766 
 19222 
-26535 
 31148 
-10171 
 31178 
 10078 
 19301 
 26478 
    53 
 32766 
-19215 
 26541 
-31145 
 10180 
