0
0
0
0
0
0
0
0
0
0
0
0
0
0
0
0
0
0
0
0
0
0
0
0
0
0
0
0
0
0
0
0
0
0
0
0
0
0
0
0
0
0
0
0
0
0
0
0
0
0
0
0
0
0
0
0
0
0
0
0
0
0
0
0
0
0
0
0
0
0
0
0
0
0
0
0
0
0
0
0
0
0
0
0
0
0
0
0
0
0
0
0
0
0
0
0
0
0
0
0
0
0
0
0
0
0
0
0
0
0
0
0
0
0
0
0
0
0
0
0
0
0
0
0
0
0
0
0
0
0
0
0
0
0
0
0
0
0
0
0
0
0
0
0
0
0
0
0
0
0
0
0
0
0
0
0
0
0
0
0
0
0
0
0
0
0
0
0
0
0
0
0
0
0
0
0
0
0
0
0
0
0
0
0
0
0
0
0
0
0
0
0
0
0
0
0
0
0
0
0
0
0
0
0
0
0
0
0
0
0
0
0
0
0
0
0
0
0
0
0
0
0
0
0
0
0
0
0
0
0
0
0
0
0
0
0
0
0
0
0
0
0
0
0
0
0
0
0
0
0
0
0
0
0
0
0
32752
28677
17440
1815
-14294
-26825
-32582
-30063
-19866
-4561
11944
25394
32288
30795
21261
6138
-10625
-24612
-32102
-31066
-21736
-6566
10395
24580
32130
30957
21335
5853
-11263
-25301
-32358
-30435
-20021
-3987
13194
26684
32647
29352
17688
947
-16093
-28527
-32736
-27459
-14181
3260
19774
30498
32239
24433
9354
-8540
-23906
-32117
-30662
-19933
-3138
14639
27971
32749
27459
13685
-4349
-21060
-31229
-31642
-22122
-5618
12688
26997
32738
28034
14343
-3980
-21047
-31329
-31456
-21338
-4230
14290
28137
32718
26472
11422
-7458
-23871
-32300
-29870
-17350
1067
19148
30727
31811
21980
4567
-14448
-28485
-32640
-25419
-9295
10114
25991
32710
27850
13084
-6368
-23570
-32339
-29482
-15976
3336
21462
31792
30514
18044
-1081
-19834
-31271
-31114
-19369
-372
18791
30917
31403
20014
1017
-18392
-30809
-31448
-20014
-857
18658
30969
31262
19370
-111
-19575
-31365
-30799
-18046
1885
21092
31905
29957
15978
-4455
-23115
-32435
-28589
-13088
7782
25489
32741
26503
9299
-11783
-27992
-32547
-23493
-4572
16296
30315
31525
19359
-1061
-21054
-32060
-29320
-13956
7451
25660
32752
25595
7256
-14283
-29578
-31869
-20094
592
21040
32146
28915
12734
-9183
-26992
-32638
-23517
-3710
17809
31226
30367
15571
-6408
-25457
-32749
-24855
-5389
16614
30872
30666
16038
-6170
-25487
-32742
-24441
-4480
17645
31340
29992
14193
-8481
-27073
-32538
-22166
-960
20740
32285
27956
9829
-13181
-29679
-31437
-17523
5166
25292
32730
23687
2670
-19723
-32127
-28190
-9861
13533
30011
31071
16112
-7194
-26796
-32496
-21274
1071
22879
32701
25325
4580
-18610
-31956
-28329
-9601
14277
30533
30412
13919
-10102
-28683
-31728
-17526
6244
26627
32446
20455
-2808
-24546
-32727
-22768
-142
22587
32721
24542
2577
-20860
-32554
-25850
-4487
19448
32329
26763
5873
-18408
-32126
-27337
-6745
17775
31997
27609
7108
-17571
-31973
-27601
-6967
17801
32058
27311
6319
-18460
-32234
-26718
-5159
19524
32457
25783
3480
-20957
-32661
-24448
-1276
22700
32752
22644
-1451
-24671
-32614
-20294
4679
26754
32107
17326
-8362
-28804
-31074
-13676
12414
30635
29348
9314
-16701
-32024
-26766
-4252
21029
32719
23187
-1432
-25141
-32447
-18516
7577
28710
30940
12733
-13919
-31360
-27963
-5928
20086
32678
23359
-1673
-25599
-32260
-17095
9677
29895
29767
9317
-17524
-32373
-24991
-394
24497
32467
17942
-9057
-29775
-29740
-8915
18172
32525
24007
-1445
-25897
-32033
-15445
12139
31096
27863
4689
-21867
-32731
-20033
7132
29162
30076
9150
-18452
-32620
-22962
3518
27439
31201
11976
-16108
-32296
-24550
1442
26381
31658
13272
-15071
-32124
-25026
941
26217
31671
13110
-15428
-32240
-24466
2021
26979
31246
11481
-17149
-32556
-22780
4668
28510
30173
8298
-20080
-32751
-19729
8818
30438
28043
3461
-23882
-32278
-14993
14260
32142
24306
-3032
-27953
-30383
-8300
20509
32726
18392
-10909
-31343
-26204
372
26662
31078
9929
-19420
-32751
-18989
10526
31319
26059
-935
-27167
-30676
-8459
20882
32662
16899
-13158
-32093
-23816
4711
29245
28845
3787
-24531
-31820
-11759
18444
32751
18754
-11497
-31791
-24460
4181
29193
28699
3066
-25274
-31413
-9887
20378
32647
16008
-14847
-32524
-21245
8997
31216
25495
-3105
-28932
-28723
-2602
25888
30956
7948
-22298
-32263
-12810
18360
32744
17110
-14252
-32518
-20814
10121
31711
23919
-6090
-30452
0
0
0
0
0
0
0
0
0
0
0
0
0
0
0
0
0
0
0
0
0
0
0
0
0
0
0
0
0
0
0
0
0
0
0
0
0
0
0
0
0
0
0
0
0
0
0
0
0
0
0
0
0
0
0
0
0
0
0
0
0
0
0
0
0
0
0
0
0
0
0
0
0
0
0
0
0
0
0
0
0
0
0
0
0
0
0
0
0
0
0
0
0
0
0
0
0
0
0
0
0
0
0
0
0
0
0
0
0
0
0
0
0
0
0
0
0
0
0
0
0
0
0
0
0
0
0
0
0
0
0
0
0
0
0
0
0
0
0
0
0
0
0
0
0
0
0
0
0
0
0
0
0
0
0
0
0
0
0
0
0
0
0
0
0
0
0
0
0
0
0
0
0
0
0
0
0
0
0
0
0
0
0
0
0
0
0
0
0
0
0
0
0
0
0
0
0
0
0
0
0
0
0
0
0
0
0
0
0
0
0
0
0
0
0
0
0
0
0
0
0
0
0
0
0
0
0
0
0
0
0
0
0
0
0
0
0
0
0
0
0
0
0
0
0
0
0
0
0
0
0
0
0
0
0
0
