    49 
     6 
    30 
    43 
   -21 
    41 
   -56 
     0 
   -30 
   -39 
    15 
   -51 
    57 
   -11 
    36 
    33 
   -24 
    55 
   -54 
    18 
   -41 
   -36 
    11 
   -56 
    39 
   -25 
    48 
    24 
     6 
    56 
   -48 
    26 
   -53 
   -25 
   -15 
   -50 
    33 
   -29 
    47 
    18 
     5 
    54 
   -32 
    42 
   -54 
   -18 
   -25 
   -56 
    37 
   -45 
    49 
     6 
    23 
    41 
   -26 
    46 
   -61 
     0 
   -32 
   -46 
    20 
   -52 
    49 
   -10 
    32 
    26 
   -24 
    57 
   -46 
    12 
   -31 
   -35 
     9 
   -51 
    54 
   -24 
    48 
    19 
    -5 
    54 
   -52 
    32 
   -45 
   -30 
    -8 
   -56 
    32 
   -34 
    50 
    19 
    11 
    60 
   -39 
    36 
   -52 
   -13 
   -19 
   -59 
    32 
   -36 
    51 
    -1 
    21 
    48 
   -32 
    41 
   -48 
     8 
   -39 
   -51 
    20 
   -47 
    44 
    -1 
    38 
    35 
   -24 
    42 
   -52 
     9 
   -32 
   -26 
    16 
   -49 
    47 
   -16 
    45 
    41 
    -5 
    50 
   -46 
    28 
   -37 
   -24 
     3 
   -54 
    52 
   -30 
    43 
    23 
    10 
    50 
   -37 
    33 
   -46 
   -14 
   -24 
   -55 
    33 
   -41 
    48 
     4 
    26 
    49 
   -39 
    34 
   -46 
    -4 
   -30 
   -54 
    20 
   -41 
    55 
     1 
    32 
    38 
   -19 
    57 
   -48 
     7 
   -39 
   -28 
    12 
   -57 
    42 
   -11 
    41 
    23 
   -10 
    51 
   -48 
    25 
   -42 
   -30 
     7 
   -53 
    50 
   -28 
    57 
    17 
     0 
    48 
   -40 
    39 
   -48 
   -16 
   -15 
   -51 
    39 
   -39 
    44 
     7 
    20 
    44 
   -29 
    38 
   -57 
    -2 
   -30 
   -47 
    29 
   -40 
    48 
    -7 
    30 
    41 
   -22 
    42 
   -58 
     6 
   -38 
   -37 
    14 
   -48 
    52 
   -13 
    40 
    30 
    -9 
    41 
   -37 
    26 
   -44 
   -41 
    -5 
   -54 
    44 
   -25 
    45 
    22 
    13 
    55 
   -41 
    25 
   -54 
   -15 
    -8 
   -55 
    40 
   -34 
    53 
    19 
    15 
    58 
   -24 
    34 
   -48 
    -2 
   -24 
   -50 
    31 
   -54 
    54 
    -4 
    29 
    46 
   -24 
    60 
   -50 
     3 
   -34 
   -48 
    15 
   -50 
    51 
    -7 
    29 
    39 
    -5 
    49 
   -49 
     5 
   -41 
   -40 
     2 
   -46 
    37 
   -30 
    40 
    29 
     1 
    39 
   -52 
    32 
   -50 
   -15 
    -3 
   -46 
    52 
   -36 
    51 
    22 
    13 
    57 
   -35 
    40 
   -59 
    -1 
   -33 
   -44 
    38 
   -51 
    56 
     6 
    26 
    51 
   -21 
    41 
   -52 
     1 
   -37 
   -44 
    21 
   -44 
    53 
   -12 
    36 
    41 
   -17 
    55 
   -56 
    11 
   -44 
   -33 
     4 
    63 
    49 
   -24 
    39 
    27 
    -8 
    50 
   -55 
    21 
   -42 
   -27 
     2 
   -54 
    44 
   -34 
    42 
    19 
    17 
    52 
   -42 
    44 
   -50 
   -19 
   -17 
   -45 
    35 
   -46 
    56 
    10 
    30 
    45 
   -19 
    45 
   -55 
     5 
   -38 
   -43 
    16 
   -41 
    53 
     4 
    26 
    44 
   -15 
    46 
   -60 
    11 
   -47 
   -32 
    13 
   -53 
    47 
   -17 
    52 
    29 
     0 
    56 
   -48 
    21 
   -55 
   -28 
    -8 
   -52 
    35 
   -28 
    51 
    21 
    19 
    41 
   -31 
    35 
   -56 
   -11 
   -10 
   -51 
    37 
   -36 
    55 
     6 
    20 
    49 
   -34 
    36 
   -62 
     3 
   -16 
   -41 
    15 
   -45 
    52 
   -10 
    32 
    37 
   -17 
    51 
   -48 
    11 
   -37 
   -34 
    18 
   -58 
    49 
   -18 
    46 
    29 
   -12 
    47 
   -41 
    18 
   -42 
   -31 
    -6 
   -50 
    50 
   -31 
    41 
    25 
     5 
    42 
   -49 
    29 
   -54 
   -16 
   -13 
   -54 
    29 
   -52 
    55 
    10 
    22 
    51 
   -30 
    42 
   -55 
    -6 
   -25 
   -48 
    22 
   -45 
    48 
     0 
    36 
    34 
   -32 
    49 
   -62 
    15 
   -34 
   -45 
     7 
   -48 
    57 
   -13 
    38 
    29 
   -13 
    47 
   -49 
    11 
   -54 
   -18 
    -4 
   -57 
    48 
   -34 
    46 
    28 
    -5 
    53 
   -41 
    29 
   -48 
   -19 
    -2 
   -52 
    40 
   -34 
    56 
    19 
    22 
    43 
   -35 
    44 
   -48 
     1 
   -27 
   -43 
    23 
   -41 
    49 
     3 
    20 
    38 
   -20 
    56 
   -55 
     6 
   -36 
   -53 
    13 
   -56 
    51 
   -15 
    47 
    42 
   -11 
    51 
   -43 
    12 
   -37 
   -44 
     7 
   -51 
    46 
   -27 
    51 
    21 
     8 
    53 
   -52 
    29 
   -40 
   -24 
    -1 
   -60 
    42 
   -41 
    42 
    15 
    14 
    52 
   -31 
    38 
   -50 
     2 
   -14 
   -45 
    36 
   -45 
    56 
     6 
    26 
    45 
   -24 
    39 
   -48 
     2 
   -27 
   -40 
    20 
   -51 
    49 
     0 
    37 
    41 
   -13 
    51 
   -48 
    12 
   -40 
   -37 
     4 
   -51 
    55 
   -25 
    43 
    30 
    -4 
    59 
   -43 
    29 
   -46 
   -20 
    -9 
   -55 
    48 
   -26 
    50 
    20 
    18 
    54 
   -33 
    38 
   -54 
    -5 
   -12 
   -46 
    40 
   -38 
    43 
     4 
    23 
    51 
   -26 
    45 
   -56 
     0 
   -21 
   -40 
    23 
   -42 
    48 
   -17 
    37 
    34 
   -17 
    58 
   -52 
    11 
   -31 
   -41 
     9 
   -52 
    53 
   -26 
    43 
    32 
     1 
    56 
   -44 
    28 
   -41 
   -40 
     4 
   -52 
    42 
   -39 
    53 
    17 
    10 
    61 
   -48 
    38 
   -47 
    -1 
   -17 
   -49 
    26 
   -37 
    51 
    14 
    19 
    46 
   -31 
    38 
   -46 
     5 
   -24 
   -46 
    26 
   -49 
    56 
    -1 
    29 
    41 
   -19 
    46 
   -54 
     9 
   -25 
   -41 
    10 
   -62 
    53 
    -8 
    49 
    32 
    -9 
    54 
   -50 
    20 
   -40 
   -26 
     6 
   -53 
    45 
   -34 
    38 
    16 
     6 
    54 
   -36 
    28 
   -39 
   -10 
    -7 
   -54 
    41 
   -42 
    48 
     9 
    14 
    47 
   -28 
    41 
   -38 
     3 
   -27 
   -42 
    23 
   -39 
    56 
    -7 
    30 
    38 
   -29 
    60 
   -64 
     0 
   -35 
   -43 
    16 
   -47 
    50 
   -11 
    49 
    36 
   -17 
    50 
   -52 
    16 
   -48 
   -27 
     8 
   -56 
    46 
   -24 
    56 
    26 
     0 
    50 
   -48 
    27 
   -54 
   -23 
   -11 
   -47 
    45 
   -32 
    52 
     8 
    21 
    52 
   -37 
    24 
   -44 
   -15 
   -29 
   -47 
    37 
   -45 
    57 
     1 
    24 
    42 
   -25 
    43 
   -44 
    -2 
   -34 
   -38 
    12 
   -50 
    43 
   -11 
    44 
    36 
   -14 
    46 
   -41 
    16 
   -34 
   -43 
    14 
   -58 
    53 
   -21 
    44 
    23 
     2 
    43 
   -54 
    35 
   -56 
   -24 
    -6 
   -47 
    37 
   -34 
    56 
    20 
    17 
    47 
   -36 
    34 
   -43 
   -17 
   -16 
   -46 
    28 
   -49 
    59 
    -1 
    34 
    51 
   -24 
    39 
   -57 
    -5 
   -28 
   -43 
    26 
   -53 
    63 
    -6 
    34 
    35 
   -14 
    54 
   -56 
    11 
   -39 
   -37 
     0 
   -49 
    47 
   -27 
    36 
    32 
     6 
    54 
   -54 
    29 
   -54 
   -20 
     0 
   -48 
    52 
   -33 
    57 
    11 
    17 
    64 
   -44 
    34 
   -56 
   -11 
   -15 
   -43 
    30 
   -39 
    58 
    10 
    37 
    55 
   -27 
    40 
   -55 
    -2 
   -29 
   -44 
    25 
   -51 
    44 
    -7 
    35 
    43 
   -19 
    56 
   -51 
    11 
   -39 
   -35 
    10 
   -50 
    49 
   -28 
    38 
    28 
    -2 
    48 
   -53 
    25 
   -45 
   -25 
    -4 
   -57 
    36 
   -35 
    44 
    20 
    13 
    54 
   -34 
    22 
   -51 
   -13 
   -21 
   -43 
    36 
   -43 
    49 
    11 
    22 
    51 
   -37 
    56 
   -56 
    -8 
   -31 
   -42 
    27 
   -48 
    54 
   -16 
    29 
    35 
   -24 
    54 
   -54 
     2 
   -48 
   -44 
    16 
   -57 
    54 
   -15 
    33 
    33 
   -14 
    55 
   -53 
    27 
   -47 
   -31 
     6 
   -55 
    35 
   -27 
    47 
    16 
     0 
    54 
   -35 
    33 
   -44 
   -18 
   -16 
   -57 
    34 
   -34 
    47 
     3 
    12 
    51 
   -31 
    38 
   -56 
     0 
   -26 
   -51 
    29 
   -32 
    62 
     1 
    30 
    48 
   -13 
    45 
   -49 
     1 
   -41 
   -54 
    21 
   -47 
    52 
   -15 
    33 
    33 
    -2 
    53 
   -53 
    16 
   -49 
   -39 
     3 
   -58 
    52 
   -25 
