-31181 
-10069 
-19309 
-26472 
   -63 
-32766 
 19207 
-26546 
 31142 
-10189 
 31183 
 10060 
 31163 
 10123 
 26506 
 19263 
 19240 
 26522 
 10075 
 31179 
   -91 
 32766 
-10257 
 31119 
-19418 
 26393 
-26664 
 19044 
-31267 
  9797 
-32763 
  -434 
-30994 
-10629 
-26128 
-19773 
-18643 
-26945 
 -9280 
-31424 
  1024 
-32750 
 11234 
-30780 
 20319 
-25705 
 27360 
-18028 
 31639 
 -8518 
 32713 
  1865 
 30463 
 12067 
 25110 
 21050 
 17191 
 27894 
  7510 
 31894 
 -2952 
 32633 
-13120 
 30025 
-21948 
 24329 
-28525 
 16123 
-32165 
  6247 
-32485 
 -4285 
-29440 
-14383 
-23339 
-22997 
-14808 
-29229 
 -4727 
-32423 
  5855 
-32239 
 15838 
-28684 
 24170 
-22123 
 29974 
-13235 
 32633 
 -2949 
 31859 
  7656 
 27723 
 17466 
 20653 
 25438 
 11390 
 30723 
   911 
 32753 
 -9674 
 31305 
-19238 
 26524 
-26760 
 18908 
-31429 
  9265 
-32737 
 -1379 
-30535 
-11883 
-25051 
-21120 
-16864 
-28093 
 -6851 
-32042 
  3911 
-32532 
 14259 
-29501 
 23069 
-23269 
 29381 
-14504 
 32502 
 -4151 
 32081 
  6663 
 28156 
 16759 
 21146 
 25029 
 11813 
 30563 
  1171 
 32745 
 -9608 
 31326 
-19337 
 26452 
-26938 
 18653 
-31566 
  8785 
-32701 
 -2066 
-30205 
-12698 
-24348 
-21927 
-15772 
-28720 
 -5428 
-32313 
  5531 
-32296 
 15882 
-28660 
 24459 
-21803 
 30292 
-12490 
 32719 
 -1761 
 31455 
  9174 
 26636 
 19082 
 18795 
 26840 
  8815 
 31558 
 -2175 
 32694 
-12927 
 30108 
-22213 
 24087 
-28971 
 15307 
-32417 
  4767 
-32149 
 -6328 
-28188 
-16705 
-20980 
-25168 
-11349 
-30738 
  -396 
-32764 
 10612 
-31000 
 20398 
-25642 
 27824 
-17304 
 32021 
 -6946 
 32492 
  4232 
 29169 
 14925 
 22434 
 23882 
 13065 
 30048 
  2157 
 32695 
 -9014 
 31502 
-19136 
 26598 
-27008 
 18552 
-31695 
  8308 
-32635 
 -2927 
-29707 
-13824 
-23249 
-23089 
-14018 
-29616 
 -3108 
-32618 
  8181 
-31728 
 18500 
-27043 
 26612 
-19115 
 31539 
 -8884 
 32676 
  2423 
 29879 
 13447 
 23476 
 22858 
 14230 
 29515 
  3255 
 32604 
 -8126 
 31742 
-18529 
 27024 
-26685 
 19013 
-31596 
  8679 
-32653 
 -2724 
-29716 
-13804 
-23136 
-23202 
-13710 
-29760 
 -2592 
-32663 
  8854 
-31547 
 19217 
-26539 
 27216 
-18246 
 31852 
 -7687 
 32541 
  3833 
 29189 
 14886 
 22204 
 24096 
 12443 
 30311 
  1121 
 32747 
-10350 
 31089 
-20533 
 25534 
-28148 
 16772 
-32231 
  5896 
-32260 
 -5735 
-28220 
-16651 
-20611 
-25471 
-10388 
-31076 
  1159 
-32745 
 12571 
-30259 
 22392 
-23920 
 29368 
-14530 
 32602 
 -3277 
 31670 
  8403 
 26684 
 19016 
 18269 
 27200 
  7501 
 31896 
 -4242 
 32490 
-15446 
 28897 
-24664 
 21570 
-30702 
 11446 
-32766 
  -170 
-30578 
-11772 
-24415 
-21853 
-15068 
-29096 
 -3749 
-32551 
  8071 
-31756 
 18844 
-26805 
 27155 
-18337 
 31907 
 -7455 
 32467 
  4416 
 28751 
 15717 
 21237 
 24952 
 10911 
 30896 
  -867 
 32755 
-12539 
 30272 
-22555 
 23767 
-29580 
 14094 
-32668 
  2536 
-31398 
 -9370 
-25929 
-20032 
-16985 
-28020 
 -5753 
-32257 
  6260 
-32162 
 17439 
-27739 
 26277 
-19574 
 31573 
 -8760 
 32605 
  3246 
 29221 
 14824 
 21869 
 24400 
 11540 
 30667 
  -368 
 32764 
-12234 
 30397 
-22441 
 23875 
-29585 
 14083 
-32681 
  2354 
-31295 
 -9707 
-25607 
-20442 
-16390 
-28372 
 -4904 
-32397 
  7268 
-31950 
 18443 
-27082 
 27072 
-18459 
 31950 
 -7268 
 32391 
  4944 
 28322 
 16477 
 20300 
 25720 
  9436 
 31378 
 -2755 
 32650 
-14569 
 29349 
-24350 
 21925 
-30714 
 11413 
-32758 
  -713 
-30185 
-12748 
-23346 
-22991 
-13198 
-29991 
 -1171 
-32745 
 11030 
-30854 
 21672 
-24575 
 29236 
-14794 
 32638 
 -2896 
 31381 
  9427 
 25633 
 20410 
 16208 
 28477 
  4450 
 32462 
 -7955 
 31786 
-19227 
 26531 
-27734 
 17447 
-32242 
  5837 
-32089 
 -6626 
-27287 
-18138 
-18524 
-27027 
 -7059 
-31996 
  5441 
-32311 
 17157 
-27915 
 26376 
-19440 
 31745 
 -8117 
 32468 
  4407 
 28428 
 16292 
 20208 
 25792 
  9008 
 31503 
 -3527 
 32576 
-15551 
 28841 
-25287 
 20837 
-31284 
  9743 
-32646 
 -2805 
-29159 
-14945 
-21333 
-24870 
-10323 
-31097 
  2238 
-32689 
 14473 
-29396 
 24550 
-21700 
 30954 
-10745 
 32715 
  1830 
 29557 
 14143 
 21944 
 24333 
 11015 
 30859 
 -1586 
 32728 
-13955 
 29646 
-24219 
 22069 
-30816 
 11136 
-32732 
 -1498 
-29666 
-13913 
-22074 
-24215 
-11107 
-30826 
  1570 
-32728 
 14015 
-29617 
 24318 
-21960 
 30892 
-10923 
 32716 
  1802 
 29501 
 14259 
 21728 
 24525 
 10591 
 31007 
 -2194 
 32692 
-14648 
 29310 
-24835 
 21373 
-31169 
 10105 
-32651 
 -2746 
-29039 
-15176 
-20888 
-25245 
 -9463 
-31370 
  3452 
-32584 
 15838 
-28684 
 25742 
-20272 
 31600 
 -8663 
 32480 
  4319 
 28233 
 16629 
 19516 
 26320 
  7702 
 31848 
 -5342 
 32328 
-17546 
 27672 
-26967 
 18612 
-32098 
  6580 
-32112 
 -6512 
-26994 
-18573 
-17551 
-27669 
 -5289 
-32336 
  7830 
-31817 
 19702 
-26181 
 28410 
-16325 
 32541 
 -3830 
 31421 
  9292 
 25219 
 20920 
 14928 
 29168 
  2207 
 32692 
-10882 
 30906 
-22208 
 24091 
-29924 
 13347 
-32763 
   418 
-30250 
-12591 
-22784 
-23548 
-11578 
-30652 
  1536 
-32730 
 14406 
-29429 
 24913 
-21283 
 31322 
 -9620 
 32563 
  3640 
 28421 
 16306 
 19569 
 26280 
  7467 
 31904 
 -5886 
 32233 
-18269 
 27200 
-27617 
 17633 
-32364 
  5118 
-31708 
 -8260 
-25748 
-20265 
-15468 
-28885 
 -2586 
-32664 
 10739 
-30956 
 22266 
-24038 
 30048 
-13065 
 32766 
   123 
 29946 
 13298 
 22055 
 24232 
 10421 
 31065 
 -2990 
 32629 
-15901 
 28649 
-26116 
 19788 
-31885 
  7546 
-32214 
 -5991 
-27034 
-18513 
-17223 
-27874 
 -4450 
-32462 
  9096 
-31478 
 21086 
-25080 
 29453 
-14358 
 32746 
 -1153 
 30386 
 12260 
 22768 
 23563 
 11201 
 30792 
 -2316 
 32684 
-15440 
 28900 
-25887 
 20087 
-31832 
  7766 
-32227 
 -5917 
-26992 
-18576 
-17031 
-27992 
 -4079 
-32511 
  9596 
-31329 
 21596 
-24642 
 29804 
-13613 
 32766 
  -179 
 29947 
 13295 
 21836 
 24429 
  9854 
 31249 
 -3883 
 32535 
-16939 
 28048 
-26994 
 18573 
-32251 
  5787 
-31765 
 -8038 
-25609 
-20440 
-14872 
-29196 
 -1467 
-32733 
 12210 
-30406 
 23705 
-22621 
 30947 
-10766 
 32625 
  3037 
 28424 
 16300 
 19090 
 26631 
  6300 
 32155 
 -7638 
 31863 
-20203 
 25796 
-29109 
 15043 
-32729 
  1548 
-30395 
-12237 
-22521 
-23800 
-10531 
-31027 
  3393 
-32590 
 16705 
-28188 
 26963 
-18617 
 32280 
 -5623 
 31668 
  8412 
 25227 
 20910 
 14131 
 29562 
   421 
 32763 
-13376 
 29912 
-24706 
 21523 
-31465 
  9141 
-32390 
 -4948 
-27296 
-18125 
-17119 
-27938 
 -3746 
-32551 
 10335 
-31093 
 22495 
-23824 
 30454 
-12091 
 32710 
  1915 
 28830 
 15570 
 19531 
 26309 
  6552 
 32104 
 -7672 
 31855 
-20457 
 25595 
-29385 
 14496 
-32760 
   647 
-29931 
-13333 
-21421 
-24794 
 -8836 
-31552 
  5438 
-32312 
 18684 
-26917 
 28375 
-16385 
 32653 
 -2717 
 30689 
 11481 
 22845 
 23489 
 10615 
 30999 
 -3661 
 32561 
-17242 
 27862 
-27513 
 17794 
-32484 
  4288 
-31185 
-10054 
-23856 
-22461 
-11904 
-30527 
  2363 
-32681 
 16183 
-28491 
 26865 
-18759 
 32323 
 -5369 
 31484 
  9075 
 24500 
 21756 
 12722 
 30196 
 -1554 
 32729 
-15534 
 28850 
-26474 
 19306 
-32219 
  5964 
-31628 
 -8560 
-24805 
-21409 
-13083 
-30041 
  1231 
-32743 
 15310 
-28969 
 26365 
-19456 
 32198 
 -6075 
 31639 
  8521 
 24786 
 21430 
 12993 
 30080 
 -1397 
 32736 
-15518 
 28858 
-26546 
 19207 
-32266 
  5704 
-31520 
 -8951 
-24446 
-21817 
-12455 
-30307 
  2053 
-32702 
 16156 
-28506 
 27006 
-18555 
 32405 
 -4848 
 31251 
  9848 
 23765 
 22557 
 11452 
 30700 
 -3196 
 32610 
-17202 
 27887 
-27713 
 17482 
-32578 
  3505 
-30793 
-11198 
-22709 
-23620 
 -9970 
-31212 
  4820 
-32410 
 18630 
-26954 
 28619 
-15956 
 32724 
 -1664 
 30086 
 12979 
 21237 
 24952 
  7995 
 31776 
 -6909 
 32029 
-20393 
 25646 
-29654 
 13938 
-32759 
  -672 
-29053 
-15151 
-19293 
-26483 
 -5506 
-32300 
  9442 
-31376 
 22425 
-23890 
 30719 
-11399 
 32580 
  3490 
 27603 
 17654 
 16821 
 28119 
  2492 
 32671 
-12370 
 30341 
-24631 
 21608 
-31696 
  8305 
-32061 
 -6762 
-25635 
-20408 
-13767 
-29733 
  1030 
-32750 
 15617 
-28805 
 26888 
-18725 
 32434 
 -4649 
 31062 
 10430 
 23049 
 23289 
 10099 
 31171 
 -5022 
 32379 
-19074 
 26642 
-29039 
 15176 
-32763 
   440 
-29432 
-14400 
-19753 
-26143 
 -5803 
-32248 
  9409 
-31386 
 22596 
-23729 
 30892 
-10923 
 32488 
  4260 
 27026 
 18526 
 15681 
 28770 
   911 
 32753 
-14066 
 29593 
-25979 
 19967 
-32218 
  5970 
-31406 
 -9343 
-23709 
-22616 
-10802 
-30934 
  4487 
-32457 
 18798 
-26838 
 28974 
-15302 
 32764 
  -383 
 29318 
 14631 
 19385 
 26417 
  5152 
 32358 
-10230 
 31128 
-23350 
 22986 
-31288 
  9731 
-32266 
 -5701 
-26054 
-19870 
-14023 
-29613 
  1146 
-32746 
 16068 
-28556 
 27402 
-17965 
 32595 
 -3340 
 30472 
 12044 
 21497 
 24728 
  7678 
 31854 
 -7879 
 31805 
-21669 
 24577 
-30570 
 11792 
-32560 
 -3668 
-27176 
-18306 
-15626 
-28800 
  -518 
-32762 
 14715 
-29276 
 26607 
-19123 
 32441 
 -4606 
 30875 
 10970 
 22255 
 24049 
  8536 
 31635 
 -7145 
 31977 
-21197 
 24986 
-30388 
 12254 
-32599 
 -3302 
-27307 
-18110 
-15717 
-28751 
  -493 
-32762 
 14852 
-29206 
 26771 
-18893 
 32496 
 -4198 
 30689 
 11481 
 21754 
 24502 
  7757 
 31835 
 -8053 
 31761 
-21995 
 24286 
-30814 
 11139 
-32439 
 -4618 
-26476 
-19304 
-14310 
-29476 
  1219 
-32743 
 16469 
-28326 
 27859 
-17248 
 32698 
 -2103 
 29835 
 13545 
 19933 
 26006 
  5317 
 32332 
-10567 
 31015 
-23957 
 22353 
-31674 
  8387 
-31878 
 -7577 
-24507 
-21749 
-11301 
-30755 
  4606 
-32441 
 19423 
-26389 
 29609 
-14032 
 32723 
  1686 
 28005 
 17009 
 16572 
 28266 
  1156 
 32746 
-14546 
 29360 
-26758 
 18911 
-32533 
  3902 
-30468 
-12056 
-21045 
-25114 
 -6531 
-32109 
  9572 
-31337 
 23364 
-22973 
 31496 
 -9032 
 31985 
  7112 
 24695 
 21535 
 11390 
 30723 
 -4699 
 32427 
-19650 
 26220 
-29808 
 13605 
-32682 
 -2348 
-27552 
-17734 
-15664 
-28779 
    75 
-32766 
 15805 
-28702 
 27656 
-17572 
 32698 
 -2106 
 29678 
 13887 
 19326 
 26459 
  4192 
 32497 
-11988 
 30494 
-25208 
 20932 
-32180 
  6170 
-31160 
-10132 
-22390 
-23923 
 -8041 
-31764 
  8321 
-31692 
 22616 
-23709 
 31267 
 -9797 
 32100 
  6574 
 24893 
 21307 
 11440 
 30704 
 -4895 
 32398 
-20007 
 25948 
-30092 
 12964 
-32600 
 -3293 
-26886 
-18728 
-14380 
-29442 
  1771 
-32718 
 17482 
-27713 
 28770 
-15681 
 32764 
   336 
 28438 
 16276 
 16875 
 28087 
  1008 
 32750 
-15123 
 29067 
-27403 
 17963 
-32688 
  2263 
-29613 
-14023 
-18952 
-26729 
 -3424 
-32587 
 12990 
-30081 
 26074 
-19843 
 32456 
 -4494 
 30480 
 12024 
 20640 
 25448 
  5466 
 32307 
-11130 
 30818 
-24854 
 21352 
-32145 
  6349 
-31101 
-10311 
-21979 
-24301 
 -7136 
-31979 
  9572 
-31337 
 23793 
-22527 
 31816 
 -7833 
 31530 
  8915 
 22997 
 23339 
  8439 
 31661 
 -8339 
 31687 
-22937 
 23399 
-31518 
  8957 
-31812 
 -7849 
-23729 
-22596 
 -9385 
-31393 
  7442 
-31910 
 22314 
-23993 
 31290 
 -9725 
 31982 
  7127 
 24193 
 22097 
  9979 
 31209 
 -6894 
 32033 
-21944 
 24333 
-31155 
 10147 
-32063 
 -6752 
-24410 
-21857 
-10230 
-31128 
  6697 
-32074 
 21839 
-24427 
 31130 
-10224 
 32067 
  6731 
 24385 
 21885 
 10138 
 31158 
 -6851 
 32042 
-22000 
 24282 
-31215 
  9961 
-31996 
 -7059 
-24119 
-22178 
 -9701 
-31297 
  7357 
-31929 
 22425 
-23890 
 31403 
 -9352 
 31839 
  7739 
 23600 
 22730 
  8918 
 31529 
 -8208 
 31721 
-23098 
 23240 
-31673 
  8393 
-31573 
 -8760 
-22811 
-23522 
 -7779 
-31829 
  9400 
-31389 
 24000 
-22307 
 31993 
 -7075 
 31165 
 10117 
 21728 
 24525 
  6278 
 32159 
-10917 
 30894 
-25096 
 21067 
-32319 
  5391 
-30570 
-11792 
-20319 
-25705 
 -4407 
-32468 
 12742 
-30187 
 26344 
-19483 
 32596 
 -3334 
 29737 
 13759 
 18552 
 27008 
  2163 
 32695 
-14841 
 29212 
-27686 
 17524 
-32754 
   901 
-28603 
-15983 
-16390 
-28372 
   452 
-32763 
 17175 
-27904 
 29051 
-15154 
 32711 
  1893 
 27104 
 18412 
 13804 
 29716 
 -3421 
 32587 
-19682 
 26196 
-30352 
 12344 
-32377 
 -5031 
-25168 
-20980 
-10769 
-30946 
  6716 
-32070 
 22287 
-24019 
 31483 
 -9081 
 31653 
  8469 
 22734 
 23596 
  7277 
 31948 
-10281 
 31111 
-24889 
 21311 
-32325 
  5360 
-30432 
-12146 
-19743 
-26150 
 -3337 
-32596 
 14043 
-29604 
 27362 
-18026 
 32744 
 -1209 
 28612 
 15967 
 16156 
 28506 
 -1011 
 32750 
-17892 
 27450 
-29561 
 14134 
-32598 
 -3318 
-26101 
-19808 
-11959 
-30506 
  5695 
-32267 
 21688 
-24561 
 31317 
 -9635 
 31741 
  8132 
 22820 
 23513 
  7170 
 31972 
-10603 
 31003 
-25255 
 20876 
-32446 
  4571 
-30036 
-13094 
-18725 
-26888 
 -1856 
-32713 
 15576 
-28827 
 28385 
-16368 
 32752 
   967 
 27364 
 18023 
 13813 
 29712 
 -3867 
 32537 
-20403 
 25638 
-30841 
 11065 
-32046 
 -6829 
-23644 
-22684 
 -8141 
-31739 
  9818 
-31261 
 24831 
-21378 
 32374 
 -5053 
 30161 
 12803 
 18846 
 26803 
  1834 
 32715 
-15744 
 28736 
-28563 
 16055 
-32732 
 -1498 
-26972 
-18604 
-13019 
-30068 
  4901 
-32397 
 21338 
-24866 
 31280 
 -9755 
 31687 
  8339 
 22420 
 23895 
  6297 
 32155 
-11763 
 30582 
-26228 
 19640 
-32657 
  2670 
-29066 
-15126 
-16542 
-28284 
  1077 
-32748 
 18373 
-27130 
 30013 
-13146 
 32397 
  4901 
 24776 
 21442 
  9490 
 31361 
 -8742 
 31578 
-24274 
 22009 
-32283 
  5608 
-30271 
-12542 
-18849 
-26802 
 -1554 
-32729 
 16232 
-28463 
 28965 
-15318 
 32662 
  2614 
 26154 
 19738 
 11463 
 30695 
 -6826 
 32047 
-22984 
 23353 
-31936 
  7326 
-30861 
-11009 
-20082 
-25891 
 -2974 
-32631 
 15079 
-29090 
 28383 
-16371 
 32731 
  1523 
 26735 
 18944 
 12277 
 30379 
 -6078 
 32197 
-22514 
 23806 
-31811 
  7855 
-31004 
-10600 
-20337 
-25691 
 -3187 
-32611 
 14987 
-29138 
 28386 
-16366 
 32725 
  1639 
 26603 
 19128 
 11965 
 30503 
 -6516 
 32112 
-22914 
 23421 
-31964 
  7207 
-30744 
-11331 
-19635 
-26232 
 -2194 
-32692 
 15961 
-28615 
 28974 
-15302 
 32632 
  2961 
 25740 
 20275 
 10513 
 31034 
 -8129 
 31742 
-24143 
 22153 
-32324 
  5366 
-30002 
-13172 
-17918 
-27433 
     9 
-32766 
 17942 
-27417 
 30026 
-13117 
 32305 
  5475 
 24021 
 22284 
  7870 
 31807 
-10870 
 30910 
-26052 
 19873 
-32685 
  2304 
-28577 
-16030 
-15065 
-29097 
  3418 
-32587 
 20782 
-25332 
 31293 
 -9713 
 31470 
  9123 
 21240 
 24950 
  3973 
 32524 
-14620 
 29324 
-28370 
 16393 
-32706 
 -1987 
-26171 
-19715 
-10926 
-30891 
  7965 
-31783 
 24210 
-22079 
 32382 
 -5000 
 29739 
 13756 
 17149 
 27920 
 -1187 
 32744 
-19136 
 26598 
-30672 
 11525 
-31914 
 -7424 
-22429 
-23886 
 -5394 
-32319 
 13465 
-29872 
 27795 
-17352 
 32750 
  1030 
 26643 
 19072 
 11525 
 30672 
 -7501 
 31896 
-23995 
 22312 
-32358 
  5156 
-29737 
-13759 
-17009 
-28005 
  1510 
-32731 
 19524 
-26314 
 30892 
-10923 
 31723 
  8202 
 21719 
 24534 
  4285 
 32485 
-14622 
 29322 
-28531 
 16112 
-32660 
 -2630 
-25580 
-20477 
 -9707 
-31295 
  9511 
-31355 
 25463 
-20621 
 32648 
 -2774 
 28573 
 16038 
 14628 
 29319 
 -4379 
 32472 
-21878 
 24392 
-31810 
  7858 
-30716 
-11407 
-18962 
-26722 
  -616 
-32760 
 17952 
-27410 
 30280 
-12519 
 32065 
  6743 
 22666 
 23661 
  5351 
 32326 
-13841 
 29699 
-28201 
 16683 
-32693 
 -2182 
-25728 
-20290 
 -9734 
-31287 
  9686 
-31302 
 25709 
-20314 
 32694 
 -2175 
 28167 
 16740 
 13708 
 29761 
 -5596 
 32285 
-22930 
 23406 
-32165 
  6247 
-30020 
-13132 
-17237 
-27866 
  1664 
-32724 
 19982 
-25968 
 31208 
 -9982 
 31340 
  9560 
 20314 
 25709 
  2044 
 32702 
-16963 
 28033 
-29922 
 13353 
-32192 
 -6106 
-22946 
-23390 
 -5478 
-32305 
 13961 
-29643 
 28399 
-16344 
 32644 
  2830 
 25156 
 20995 
  8612 
 31614 
-11041 
 30850 
-26722 
 18962 
-32765 
   226 
-26976 
-18599 
-11428 
-30708 
  8263 
-31707 
 24968 
-21218 
 32626 
 -3030 
 28444 
 16265 
 13927 
 29659 
 -5664 
 32273 
-23200 
 23138 
-32289 
  5568 
-29605 
-14041 
-16112 
-28531 
  3277 
-32602 
 21476 
-24747 
 31817 
 -7827 
 30502 
 11968 
 17997 
 27381 
 -1121 
 32747 
-19838 
 26078 
-31262 
  9812 
-31179 
-10075 
-19602 
-26256 
  -788 
-32757 
 18326 
-27162 
 30673 
-11522 
 31674 
  8387 
 20944 
 25198 
  2445 
 32675 
-16969 
 28030 
-30090 
 12970 
-32027 
 -6918 
-22046 
-24240 
 -3849 
-32539 
 15791 
-28710 
 29547 
-14162 
 32270 
  5682 
 22926 
 23410 
  4997 
 32383 
-14810 
 29228 
-29073 
 15112 
-32430 
 -4683 
-23602 
-22727 
 -5896 
-32231 
 14038 
-29607 
 28690 
-15827 
 32530 
  3927 
 24091 
 22208 
  6546 
 32105 
-13482 
 29864 
-28414 
 16317 
-32587 
 -3418 
