-32136 
  6392 
-32684 
  2316 
-32717 
 -1796 
-32234 
 -5880 
-31244 
 -9872 
-29761 
-13708 
 26509 
 19258 
 10129 
 31161 
-10120 
 31164 
-26504 
 19265 
-32766 
     9 
-26515 
-19250 
-10138 
-31158 
 10111 
-31167 
 26498 
-19273 
 32766 
   -19 
 26520 
 19243 
 10147 
 31155 
-10102 
 31170 
-26493 
 19281 
-32766 
    28 
-26526 
-19235 
-10156 
-31152 
 10093 
-31173 
 26487 
-19288 
 32766 
   -38 
 26531 
 19227 
 10165 
 31149 
-10084 
 31176 
-26482 
 19296 
-32766 
    47 
-26537 
-19220 
-10174 
-31147 
 10075 
-31179 
 26476 
-19304 
 32766 
   -57 
 26543 
 19212 
 10183 
 31144 
-10066 
 31181 
-26471 
 19311 
-32766 
    66 
-26548 
-19204 
-10192 
-31141 
 10057 
-31184 
 26465 
-19319 
 32766 
   -75 
 26554 
 19197 
 10201 
 31138 
-10048 
 31187 
-26459 
 19326 
-32766 
    85 
-26559 
-19189 
-10209 
-31135 
 10039 
-31190 
 26454 
-19334 
 32766 
   -94 
 26565 
 19182 
 10218 
 31132 
-10030 
 31193 
-26448 
 19342 
-32766 
   104 
-26570 
-19174 
-10227 
-31129 
 10021 
-31196 
 26443 
-19349 
 32766 
  -113 
 26576 
 19166 
 10236 
 31126 
-10012 
 31199 
-26437 
 19357 
-32766 
   123 
-26581 
-19159 
-10245 
-31123 
 10003 
-31202 
 26432 
-19364 
 32766 
  -132 
 26587 
 19151 
 10254 
 31120 
 -9994 
 31205 
-26426 
 19372 
-32766 
   141 
-26592 
-19143 
-10263 
-31117 
  9985 
-31207 
 26420 
-19380 
 32766 
  -151 
 26598 
 19136 
 10272 
 31114 
 -9976 
 31210 
-26415 
 19387 
-32766 
   160 
-26603 
-19128 
-10281 
-31111 
  9967 
-31213 
 26409 
-19395 
 32766 
  -170 
 26609 
 19120 
 10290 
 31108 
 -9958 
 31216 
-26404 
 19402 
-32766 
   179 
-26614 
-19113 
-10299 
-31105 
  9949 
-31219 
 26398 
-19410 
-32765 
   188 
-26620 
-19105 
-10308 
-31102 
  9940 
-31222 
 26393 
-19418 
 32765 
  -198 
 26625 
 19097 
 10317 
 31099 
 -9931 
 31225 
-26387 
 19425 
-32765 
   207 
-26631 
-19090 
-10326 
-31096 
  9922 
-31227 
 26381 
-19433 
 32765 
  -217 
 26636 
 19082 
 10335 
 31093 
 -9913 
 31230 
-26376 
 19440 
-32765 
   226 
-26642 
-19074 
-10344 
-31090 
  9905 
-31233 
 26370 
-19448 
 32765 
  -236 
 26647 
 19067 
 10353 
 31088 
 -9896 
 31236 
-26365 
 19456 
-32765 
   245 
-26653 
-19059 
-10362 
-31085 
  9887 
-31239 
 26359 
-19463 
 32765 
  -254 
 26658 
 19051 
 10371 
 31082 
 -9878 
 31242 
-26353 
 19471 
-32765 
   264 
-26664 
-19044 
-10379 
-31079 
  9869 
-31245 
 26348 
-19478 
 32765 
  -273 
 26669 
 19036 
 10388 
 31076 
 -9860 
 31247 
-26342 
 19486 
-32765 
   283 
-26675 
-19028 
-10397 
-31073 
  9851 
-31250 
 26337 
-19493 
 32765 
  -292 
 26680 
 19021 
 10406 
 31070 
 -9842 
 31253 
-26331 
 19501 
-32765 
   302 
-26685 
-19013 
-10415 
-31067 
  9833 
-31256 
 26325 
-19509 
 32765 
  -311 
 26691 
 19005 
 10424 
 31064 
 -9824 
 31259 
-26320 
 19516 
-32764 
   320 
-26696 
-18998 
-10433 
-31061 
  9815 
-31262 
 26314 
-19524 
 32764 
  -330 
 26702 
 18990 
 10442 
 31058 
 -9806 
 31264 
-26309 
 19531 
-32764 
   339 
-26707 
-18982 
-10451 
-31055 
  9797 
-31267 
 26303 
-19539 
 32764 
  -349 
 26713 
 18975 
 10460 
 31052 
 -9788 
 31270 
-26297 
 19546 
-32764 
   358 
-26718 
-18967 
-10469 
-31049 
  9779 
-31273 
 26292 
-19554 
 32764 
  -368 
 26724 
 18959 
 10478 
 31046 
 -9770 
 31276 
-26286 
 19562 
-32764 
   377 
-26729 
-18952 
-10487 
-31043 
  9761 
-31278 
 26280 
-19569 
 32764 
  -386 
 26735 
 18944 
 10496 
 31040 
 -9752 
 31281 
-26275 
 19577 
-32764 
   396 
-26740 
-18936 
-10505 
-31037 
  9743 
-31284 
 26269 
-19584 
 32763 
  -405 
 26746 
 18929 
 10513 
 31034 
 -9734 
 31287 
-26264 
 19592 
-32763 
   415 
-26751 
-18921 
-10522 
-31030 
  9725 
-31290 
 26258 
-19599 
 32763 
  -424 
 26756 
 18913 
 10531 
 31027 
 -9716 
 31292 
-26252 
 19607 
-32763 
   434 
-26762 
-18905 
-10540 
-31024 
  9707 
-31295 
 26247 
-19614 
 32763 
  -443 
 26767 
 18898 
 10549 
 31021 
 -9698 
 31298 
-26241 
 19622 
-32763 
   452 
-26773 
-18890 
-10558 
-31018 
  9689 
-31301 
 26235 
-19630 
 32763 
  -462 
 26778 
 18882 
 10567 
 31015 
 -9680 
 31304 
-26230 
 19637 
-32763 
   471 
-26784 
-18875 
-10576 
-31012 
  9671 
-31306 
 26224 
-19645 
 32762 
  -481 
 26789 
 18867 
 10585 
 31009 
 -9662 
 31309 
-26218 
 19652 
-32762 
   490 
-26794 
-18859 
-10594 
-31006 
  9653 
-31312 
 26213 
-19660 
 32762 
  -499 
 26800 
 18852 
 10603 
 31003 
 -9644 
 31315 
-26207 
 19667 
-32762 
   509 
-26805 
-18844 
-10612 
-31000 
  9635 
-31317 
 26201 
-19675 
 32762 
  -518 
 26811 
 18836 
 10620 
 30997 
 -9626 
 31320 
-26196 
 19682 
-32762 
   528 
-26816 
-18828 
-10629 
-30994 
  9617 
-31323 
 26190 
-19690 
 32762 
  -537 
 26822 
 18821 
 10638 
 30991 
 -9608 
 31326 
-26184 
 19697 
-32761 
   547 
-26827 
-18813 
-10647 
-30988 
  9599 
-31329 
 26179 
-19705 
 32761 
  -556 
 26832 
 18805 
 10656 
 30985 
  9590 
-31331 
 26173 
-19712 
 32761 
  -565 
 26838 
 18798 
 10665 
 30982 
 -9581 
 31334 
-26167 
 19720 
-32761 
   575 
-26843 
-18790 
-10674 
-30979 
  9572 
-31337 
 26162 
-19727 
 32761 
  -584 
 26849 
 18782 
 10683 
 30976 
 -9563 
 31340 
-26156 
 19735 
-32761 
   594 
-26854 
-18774 
-10692 
-30973 
  9554 
-31342 
 26150 
-19743 
 32760 
  -603 
 26859 
 18767 
 10701 
 30969 
 -9545 
 31345 
-26145 
 19750 
-32760 
   613 
-26865 
-18759 
-10710 
-30966 
  9536 
-31348 
 26139 
-19758 
 32760 
  -622 
 26870 
 18751 
 10719 
 30963 
 -9526 
 31351 
-26133 
 19765 
-32760 
   631 
-26876 
-18743 
-10727 
-30960 
  9517 
-31353 
 26128 
-19773 
 32760 
  -641 
 26881 
 18736 
 10736 
 30957 
 -9508 
 31356 
-26122 
 19780 
-32760 
   650 
-26886 
-18728 
-10745 
-30954 
  9499 
-31359 
 26116 
-19788 
 32759 
  -660 
 26892 
 18720 
 10754 
 30951 
 -9490 
 31361 
-26111 
 19795 
-32759 
   669 
-26897 
-18713 
-10763 
-30948 
  9481 
-31364 
 26105 
-19803 
 32759 
  -678 
 26902 
 18705 
 10772 
 30945 
 -9472 
 31367 
-26099 
 19810 
-32759 
   688 
-26908 
-18697 
-10781 
-30942 
  9463 
-31370 
 26094 
-19818 
 32759 
  -697 
 26913 
 18689 
 10790 
 30939 
 -9454 
 31372 
-26088 
 19825 
-32758 
   707 
-26919 
-18682 
-10799 
-30935 
  9445 
-31375 
 26082 
-19833 
 32758 
  -716 
 26924 
 18674 
 10808 
 30932 
 -9436 
 31378 
-26076 
 19840 
-32758 
   726 
-26929 
-18666 
-10816 
-30929 
  9427 
-31381 
 26071 
-19848 
 32758 
  -735 
 26935 
 18658 
 10825 
 30926 
 -9418 
 31383 
-26065 
 19855 
-32758 
   744 
-26940 
-18651 
-10834 
-30923 
  9409 
-31386 
 26059 
-19863 
 32757 
  -754 
 26945 
 18643 
 10843 
 30920 
 -9400 
 31389 
-26054 
 19870 
-32757 
   763 
-26951 
-18635 
-10852 
-30917 
  9391 
-31391 
 26048 
-19878 
 32757 
  -773 
 26956 
 18627 
 10861 
 30914 
 -9382 
 31394 
-26042 
 19885 
-32757 
   782 
-26961 
-18620 
-10870 
-30910 
  9373 
-31397 
 26036 
-19893 
 32756 
  -792 
 26967 
 18612 
 10879 
 30907 
 -9364 
 31399 
-26031 
 19900 
-32756 
   801 
-26972 
-18604 
-10888 
-30904 
  9355 
-31402 
 26025 
-19908 
 32756 
  -810 
 26978 
 18596 
 10896 
 30901 
 -9346 
 31405 
-26019 
 19915 
-32756 
   820 
-26983 
-18589 
-10905 
-30898 
  9337 
-31408 
 26013 
-19923 
 32756 
  -829 
 26988 
 18581 
 10914 
 30895 
 -9328 
 31410 
-26008 
 19930 
-32755 
   839 
-26994 
-18573 
-10923 
-30892 
  9319 
-31413 
 26002 
-19938 
 32755 
  -848 
 26999 
 18565 
 10932 
 30889 
 -9310 
 31416 
-25996 
 19945 
-32755 
   858 
-27004 
-18557 
-10941 
-30885 
  9301 
-31418 
 25991 
-19952 
 32755 
  -867 
 27010 
 18550 
 10950 
 30882 
 -9292 
 31421 
-25985 
 19960 
-32754 
   876 
-27015 
-18542 
-10959 
-30879 
  9283 
-31424 
 25979 
-19967 
 32754 
  -886 
 27020 
 18534 
 10968 
 30876 
 -9274 
 31426 
-25973 
 19975 
-32754 
   895 
-27026 
-18526 
-10976 
-30873 
  9265 
-31429 
 25968 
-19982 
 32754 
  -905 
 27031 
 18519 
 10985 
 30870 
 -9256 
 31432 
-25962 
 19990 
-32753 
   914 
-27036 
-18511 
-10994 
-30866 
  9247 
-31434 
 25956 
-19997 
 32753 
  -923 
 27042 
 18503 
 11003 
 30863 
 -9238 
 31437 
-25950 
 20005 
-32753 
   933 
 27047 
 18495 
 11012 
 30860 
 -9229 
 31440 
-25945 
 20012 
-32752 
   942 
-27052 
-18488 
-11021 
-30857 
  9219 
-31442 
 25939 
-20020 
 32752 
  -952 
 27058 
 18480 
 11030 
 30854 
 -9210 
 31445 
-25933 
 20027 
-32752 
   961 
-27063 
-18472 
-11039 
-30851 
  9201 
-31448 
 25927 
-20035 
 32752 
  -971 
 27068 
 18464 
 11047 
 30847 
 -9192 
 31450 
-25922 
 20042 
-32751 
   980 
-27073 
-18456 
-11056 
-30844 
  9183 
-31453 
 25916 
-20050 
 32751 
  -989 
 27079 
 18449 
 11065 
 30841 
 -9174 
 31455 
-25910 
 20057 
-32751 
   999 
-27084 
-18441 
-11074 
-30838 
  9165 
-31458 
 25904 
-20064 
 32750 
 -1008 
 27089 
 18433 
 11083 
 30835 
 -9156 
 31461 
-25898 
 20072 
-32750 
  1018 
-27095 
-18425 
-11092 
-30832 
  9147 
-31463 
 25893 
-20079 
 32750 
 -1027 
 27100 
 18417 
 11101 
 30828 
 -9138 
 31466 
-25887 
 20087 
-32750 
  1036 
-27105 
-18410 
-11109 
-30825 
  9129 
-31469 
 25881 
-20094 
 32749 
 -1046 
 27111 
 18402 
 11118 
 30822 
 -9120 
 31471 
-25875 
 20102 
-32749 
  1055 
-27116 
-18394 
-11127 
-30819 
  9111 
-31474 
 25870 
-20109 
 32749 
 -1065 
 27121 
 18386 
 11136 
 30816 
 -9102 
 31476 
-25864 
 20117 
-32748 
  1074 
-27126 
-18378 
-11145 
-30812 
  9093 
-31479 
 25858 
-20124 
 32748 
 -1084 
 27132 
 18371 
 11154 
 30809 
 -9084 
 31482 
-25852 
 20131 
-32748 
  1093 
-27137 
-18363 
-11163 
-30806 
  9075 
-31484 
 25846 
-20139 
 32747 
 -1102 
 27142 
 18355 
 11172 
 30803 
 -9066 
 31487 
-25841 
 20146 
-32747 
  1112 
-27148 
-18347 
-11180 
-30800 
  9057 
-31490 
 25835 
-20154 
 32747 
 -1121 
 27153 
 18339 
 11189 
 30796 
 -9048 
 31492 
-25829 
 20161 
-32746 
  1131 
-27158 
-18332 
-11198 
-30793 
  9038 
-31495 
 25823 
-20169 
 32746 
 -1140 
 27163 
 18324 
 11207 
 30790 
 -9029 
 31497 
-25817 
 20176 
-32746 
  1150 
-27169 
-18316 
-11216 
-30787 
  9020 
-31500 
 25812 
-20183 
 32745 
 -1159 
 27174 
 18308 
 11225 
 30783 
 -9011 
 31503 
-25806 
 20191 
-32745 
  1168 
-27179 
-18300 
-11234 
-30780 
  9002 
-31505 
 25800 
-20198 
 32745 
 -1178 
 27184 
 18293 
 11242 
 30777 
 -8993 
 31508 
-25794 
 20206 
-32744 
  1187 
-27190 
-18285 
-11251 
-30774 
  8984 
-31510 
 25788 
-20213 
 32744 
 -1197 
 27195 
 18277 
 11260 
 30770 
 -8975 
 31513 
-25783 
 20221 
-32744 
  1206 
-27200 
-18269 
-11269 
-30767 
  8966 
-31515 
 25777 
-20228 
 32743 
 -1215 
 27205 
 18261 
 11278 
 30764 
 -8957 
 31518 
-25771 
 20235 
-32743 
  1225 
-27211 
-18253 
-11287 
-30761 
  8948 
-31521 
 25765 
-20243 
 32743 
 -1234 
 27216 
 18246 
 11295 
 30757 
 -8939 
 31523 
-25759 
 20250 
-32742 
  1244 
-27221 
-18238 
-11304 
-30754 
  8930 
-31526 
 25753 
-20258 
 32742 
 -1253 
 27226 
 18230 
 11313 
 30751 
 -8921 
 31528 
-25748 
 20265 
-32742 
  1263 
-27232 
-18222 
-11322 
-30748 
  8912 
-31531 
 25742 
-20272 
 32741 
 -1272 
 27237 
 18214 
 11331 
 30744 
 -8902 
 31533 
-25736 
 20280 
-32741 
  1281 
-27242 
-18206 
-11340 
-30741 
  8893 
-31536 
 25730 
-20287 
 32741 
 -1291 
 27247 
 18199 
 11349 
 30738 
 -8884 
 31539 
-25724 
 20295 
-32740 
  1300 
-27253 
-18191 
-11357 
-30735 
  8875 
-31541 
-25718 
 20302 
-32740 
  1310 
-27258 
-18183 
-11366 
-30731 
  8866 
-31544 
 25713 
-20309 
 32739 
 -1319 
 27263 
 18175 
 11375 
 30728 
 -8857 
 31546 
-25707 
 20317 
-32739 
  1328 
-27268 
-18167 
-11384 
-30725 
  8848 
-31549 
 25701 
-20324 
 32739 
 -1338 
 27274 
 18159 
 11393 
 30722 
 -8839 
 31551 
-25695 
 20332 
-32738 
  1347 
-27279 
-18152 
-11402 
-30718 
  8830 
-31554 
 25689 
-20339 
 32738 
 -1357 
 27284 
 18144 
 11410 
 30715 
 -8821 
 31556 
-25683 
 20346 
-32738 
  1366 
-27289 
-18136 
-11419 
-30712 
  8812 
-31559 
 25678 
-20354 
 32737 
 -1376 
 27294 
 18128 
 11428 
 30708 
 -8803 
 31561 
-25672 
 20361 
-32737 
  1385 
-27300 
-18120 
-11437 
-30705 
  8794 
-31564 
 25666 
-20369 
 32736 
 -1394 
 27305 
 18112 
 11446 
 30702 
 -8785 
 31566 
-25660 
 20376 
-32736 
  1404 
-27310 
-18104 
-11455 
-30699 
  8775 
-31569 
 25654 
-20383 
 32736 
 -1413 
 27315 
 18097 
 11463 
 30695 
 -8766 
 31572 
-25648 
 20391 
-32735 
  1423 
-27320 
-18089 
-11472 
-30692 
  8757 
-31574 
 25642 
-20398 
 32735 
 -1432 
 27326 
 18081 
 11481 
 30689 
 -8748 
 31577 
-25637 
 20405 
-32734 
  1441 
-27331 
-18073 
-11490 
-30685 
  8739 
-31579 
 25631 
-20413 
 32734 
 -1451 
 27336 
 18065 
 11499 
 30682 
 -8730 
 31582 
-25625 
 20420 
-32733 
  1460 
-27341 
-18057 
-11508 
-30679 
  8721 
-31584 
 25619 
-20428 
 32733 
 -1470 
 27346 
 18049 
 11516 
 30675 
 -8712 
 31587 
-25613 
 20435 
-32733 
  1479 
-27352 
-18042 
-11525 
-30672 
  8703 
-31589 
 25607 
-20442 
 32732 
 -1489 
 27357 
 18034 
 11534 
 30669 
 -8694 
 31592 
-25601 
 20450 
-32732 
  1498 
-27362 
-18026 
-11543 
-30666 
  8685 
-31594 
 25595 
-20457 
 32731 
 -1507 
 27367 
 18018 
 11552 
 30662 
 -8676 
 31597 
-25589 
 20464 
-32731 
  1517 
-27372 
-18010 
-11560 
-30659 
  8666 
-31599 
 25584 
-20472 
 32730 
 -1526 
 27378 
 18002 
 11569 
 30656 
 -8657 
 31602 
-25578 
 20479 
-32730 
  1536 
-27383 
-17994 
-11578 
-30652 
  8648 
-31604 
 25572 
-20486 
 32730 
 -1545 
 27388 
 17986 
 11587 
 30649 
 -8639 
 31607 
-25566 
 20494 
-32729 
  1554 
-27393 
-17979 
-11596 
-30646 
  8630 
-31609 
 25560 
-20501 
 32729 
 -1564 
 27398 
 17971 
 11605 
 30642 
 -8621 
 31612 
-25554 
 20508 
-32728 
  1573 
-27403 
-17963 
-11613 
-30639 
  8612 
-31614 
 25548 
-20516 
 32728 
 -1583 
 27409 
 17955 
 11622 
 30636 
 -8603 
 31616 
-25542 
 20523 
-32727 
  1592 
-27414 
-17947 
-11631 
-30632 
  8594 
-31619 
 25536 
-20531 
 32727 
 -1601 
 27419 
 17939 
 11640 
 30629 
 -8585 
 31621 
-25531 
 20538 
-32726 
  1611 
-27424 
-17931 
-11649 
-30626 
  8576 
-31624 
 25525 
-20545 
 32726 
 -1620 
 27429 
 17923 
 11657 
 30622 
 -8566 
 31626 
-25519 
 20553 
-32725 
  1630 
-27434 
-17915 
-11666 
-30619 
  8557 
-31629 
 25513 
-20560 
 32725 
 -1639 
 27440 
 17908 
 11675 
 30615 
 -8548 
 31631 
-25507 
 20567 
-32725 
  1649 
-27445 
-17900 
-11684 
-30612 
  8539 
-31634 
 25501 
-20575 
 32724 
 -1658 
 27450 
 17892 
 11693 
 30609 
 -8530 
 31636 
-25495 
 20582 
-32724 
  1667 
-27455 
-17884 
-11701 
-30605 
  8521 
-31639 
 25489 
-20589 
 32723 
 -1677 
 27460 
 17876 
-11710 
-30602 
  8512 
-31641 
 25483 
-20597 
 32723 
 -1686 
 27465 
 17868 
 11719 
 30599 
 -8503 
 31644 
-25477 
 20604 
-32722 
  1696 
-27470 
-17860 
-11728 
-30595 
  8494 
-31646 
 25471 
-20611 
 32722 
 -1705 
 27476 
 17852 
 11737 
 30592 
 -8485 
 31648 
-25465 
 20619 
-32721 
  1714 
-27481 
-17844 
-11745 
-30588 
  8475 
-31651 
 25459 
-20626 
 32721 
 -1724 
 27486 
 17837 
 11754 
 30585 
 -8466 
 31653 
-25454 
 20633 
-32720 
  1733 
-27491 
-17829 
-11763 
-30582 
  8457 
-31656 
 25448 
-20640 
 32720 
 -1743 
 27496 
 17821 
 11772 
 30578 
 -8448 
 31658 
-25442 
 20648 
-32719 
  1752 
-27501 
-17813 
-11781 
-30575 
  8439 
-31661 
 25436 
-20655 
 32719 
 -1761 
 27506 
 17805 
 11789 
 30572 
 -8430 
 31663 
-25430 
 20662 
-32718 
  1771 
-27511 
-17797 
-11798 
-30568 
  8421 
-31665 
 25424 
-20670 
 32718 
 -1780 
 27517 
 17789 
 11807 
 30565 
 -8412 
 31668 
-25418 
 20677 
-32717 
  1790 
-27522 
-17781 
-11816 
-30561 
  8403 
-31670 
 25412 
-20684 
 32717 
 -1799 
 27527 
 17773 
 11825 
 30558 
 -8393 
 31673 
-25406 
 20692 
-32716 
  1809 
-27532 
-17765 
-11833 
-30555 
  8384 
-31675 
 25400 
-20699 
 32716 
 -1818 
 27537 
 17757 
 11842 
 30551 
 -8375 
 31678 
-25394 
 20706 
-32715 
  1827 
-27542 
-17749 
-11851 
-30548 
  8366 
-31680 
 25388 
-20714 
 32714 
 -1837 
 27547 
 17742 
 11860 
 30544 
 -8357 
 31682 
-25382 
 20721 
-32714 
  1846 
-27552 
-17734 
-11868 
-30541 
  8348 
-31685 
 25376 
-20728 
 32713 
 -1856 
 27557 
 17726 
 11877 
 30538 
 -8339 
 31687 
-25370 
 20735 
-32713 
  1865 
-27563 
-17718 
-11886 
-30534 
  8330 
-31690 
 25364 
-20743 
 32712 
 -1874 
 27568 
 17710 
 11895 
 30531 
 -8321 
 31692 
-25358 
 20750 
-32712 
  1884 
-27573 
-17702 
-11904 
-30527 
  8311 
-31694 
 25352 
-20757 
 32711 
 -1893 
 27578 
 17694 
 11912 
 30524 
 -8302 
 31697 
-25346 
 20765 
-32711 
  1903 
-27583 
-17686 
-11921 
-30520 
  8293 
-31699 
 25340 
-20772 
 32710 
 -1912 
 27588 
 17678 
 11930 
 30517 
 -8284 
 31701 
-25334 
 20779 
-32710 
  1921 
-27593 
-17670 
-11939 
-30514 
  8275 
-31704 
 25328 
-20787 
 32709 
 -1931 
 27598 
 17662 
 11948 
 30510 
 -8266 
 31706 
-25322 
 20794 
-32709 
  1940 
-27603 
-17654 
-11956 
-30507 
  8257 
-31709 
 25316 
-20801 
 32708 
 -1950 
 27608 
 17646 
 11965 
 30503 
 -8248 
 31711 
-25311 
 20808 
-32707 
  1959 
-27613 
-17638 
-11974 
-30500 
  8238 
-31713 
 25305 
-20816 
 32707 
 -1968 
 27618 
 17630 
 11983 
 30496 
 -8229 
 31716 
-25299 
 20823 
-32706 
  1978 
-27623 
-17623 
-11991 
-30493 
  8220 
-31718 
 25293 
-20830 
 32706 
 -1987 
 27629 
 17615 
 12000 
 30489 
 -8211 
 31720 
-25287 
 20837 
-32705 
  1997 
-27634 
-17607 
-12009 
-30486 
  8202 
-31723 
 25281 
-20845 
 32705 
 -2006 
 27639 
 17599 
 12018 
 30483 
 -8193 
 31725 
-25275 
 20852 
-32704 
  2016 
-27644 
-17591 
-12026 
-30479 
  8184 
-31728 
 25269 
-20859 
 32703 
 -2025 
 27649 
 17583 
 12035 
 30476 
 -8175 
 31730 
-25263 
 20867 
-32703 
  2034 
-27654 
-17575 
-12044 
-30472 
  8165 
-31732 
 25257 
-20874 
 32702 
 -2044 
 27659 
 17567 
 12053 
 30469 
 -8156 
 31735 
-25251 
 20881 
 32702 
 -2053 
 27664 
 17559 
 12062 
 30465 
 -8147 
 31737 
-25245 
 20888 
-32701 
  2063 
-27669 
-17551 
-12070 
-30462 
  8138 
-31739 
 25239 
-20896 
 32700 
 -2072 
 27674 
 17543 
 12079 
 30458 
 -8129 
 31742 
-25233 
 20903 
-32700 
  2081 
-27679 
-17535 
-12088 
-30455 
  8120 
-31744 
 25227 
-20910 
 32699 
 -2091 
 27684 
 17527 
 12097 
 30451 
 -8111 
 31746 
-25221 
 20917 
-32699 
  2100 
-27689 
-17519 
-12105 
-30448 
  8102 
-31749 
 25214 
-20925 
 32698 
 -2110 
 27694 
 17511 
 12114 
 30444 
 -8092 
 31751 
-25208 
 20932 
-32697 
  2119 
-27699 
-17503 
-12123 
-30441 
  8083 
-31753 
 25202 
-20939 
 32697 
 -2128 
 27704 
 17495 
 12132 
 30437 
 -8074 
 31756 
-25196 
 20946 
-32696 
  2138 
-27709 
-17487 
-12140 
-30434 
  8065 
-31758 
 25190 
-20954 
 32696 
 -2147 
 27714 
 17479 
 12149 
 30430 
 -8056 
 31760 
-25184 
 20961 
-32695 
  2157 
-27719 
-17471 
-12158 
-30427 
  8047 
-31763 
 25178 
-20968 
 32694 
 -2166 
 27724 
 17463 
 12167 
 30423 
 -8038 
 31765 
-25172 
 20975 
-32694 
  2175 
-27729 
-17455 
-12175 
-30420 
  8029 
-31767 
 25166 
-20983 
 32693 
 -2185 
 27734 
 17447 
 12184 
 30416 
 -8019 
 31769 
-25160 
 20990 
-32692 
  2194 
-27739 
-17439 
-12193 
-30413 
  8010 
-31772 
 25154 
-20997 
 32692 
 -2204 
 27744 
 17431 
 12202 
 30409 
 -8001 
 31774 
-25148 
 21004 
-32691 
  2213 
-27749 
-17423 
-12210 
-30406 
  7992 
-31776 
 25142 
-21012 
 32691 
 -2222 
 27755 
 17415 
 12219 
 30402 
 -7983 
 31779 
-25136 
 21019 
-32690 
  2232 
-27760 
-17407 
-12228 
-30399 
  7974 
-31781 
 25130 
-21026 
 32689 
 -2241 
 27765 
 17399 
 12237 
 30395 
 -7965 
 31783 
-25124 
 21033 
-32689 
  2251 
-27770 
-17392 
-12245 
-30392 
  7955 
-31786 
 25118 
-21040 
 32688 
 -2260 
 27775 
 17384 
 12254 
 30388 
 -7946 
 31788 
-25112 
 21048 
-32687 
  2269 
-27780 
-17376 
-12263 
-30385 
  7937 
-31790 
 25106 
-21055 
 32687 
 -2279 
 27785 
 17368 
 12272 
 30381 
 -7928 
 31792 
-25100 
 21062 
-32686 
  2288 
-27790 
-17360 
-12280 
-30378 
  7919 
-31795 
 25094 
-21069 
 32685 
 -2298 
 27795 
 17352 
 12289 
 30374 
 -7910 
 31797 
-25088 
 21077 
-32685 
  2307 
-27799 
-17344 
-12298 
-30371 
  7901 
-31799 
 25082 
-21084 
 32684 
 -2316 
 27804 
 17336 
 12306 
 30367 
 -7891 
 31802 
-25076 
 21091 
-32683 
  2326 
-27809 
-17328 
-12315 
-30364 
  7882 
-31804 
 25069 
-21098 
 32683 
 -2335 
 27814 
 17320 
 12324 
 30360 
 -7873 
 31806 
-25063 
 21105 
-32682 
  2345 
-27819 
-17312 
-12333 
-30356 
  7864 
-31808 
 25057 
-21113 
 32681 
 -2354 
 27824 
 17304 
 12341 
 30353 
 -7855 
 31811 
-25051 
 21120 
-32681 
  2363 
-27829 
-17296 
-12350 
-30349 
  7846 
-31813 
 25045 
-21127 
 32680 
 -2373 
 27834 
 17288 
 12359 
 30346 
 -7836 
 31815 
-25039 
 21134 
-32679 
  2382 
-27839 
-17280 
-12368 
-30342 
  7827 
-31817 
 25033 
-21141 
 32679 
 -2392 
 27844 
 17272 
 12376 
 30339 
 -7818 
 31820 
-25027 
 21149 
-32678 
  2401 
-27849 
-17264 
-12385 
-30335 
  7809 
-31822 
 25021 
-21156 
 32677 
 -2410 
 27854 
 17256 
